# 1:A 2:Y(A) 3:X(A)
    1     3.04981046710812E-03     3.04981046710812E-03
    2     0.00000000000000E+00     0.00000000000000E+00
    3     7.38318969072561E-20     2.21495690721768E-19
    4     6.03500047435457E-02     2.41400018974183E-01
    5     0.00000000000000E+00     0.00000000000000E+00
    6     0.00000000000000E+00     0.00000000000000E+00
    7     4.71527078525828E-19     3.30068954968079E-18
    8     0.00000000000000E+00     0.00000000000000E+00
    9     0.00000000000000E+00     0.00000000000000E+00
   10     9.61922604224636E-18     9.61922604224636E-17
   11     1.62185747056067E-19     1.78404321761674E-18
   12     2.23487944904778E-11     2.68185533885734E-10
   13     8.70617848367440E-11     1.13180320287767E-09
   14     1.72398435687499E-08     2.41357809962498E-07
   15     1.08020030409351E-10     1.62030045614027E-09
   16     4.60297053490430E-07     7.36475285584688E-06
   17     8.35281063889340E-09     1.41997780861188E-07
   18     2.43586173411548E-10     4.38455112140786E-09
   19     1.96512578170859E-13     3.73373898524632E-12
   20     7.36754142890006E-09     1.47350828578001E-07
   21     3.41471760384844E-11     7.17090696808172E-10
   22     3.74320833075754E-07     8.23505832766659E-06
   23     1.72751449784122E-08     3.97328334503480E-07
   24     2.80123367261489E-09     6.72296081427575E-08
   25     7.37129436373973E-09     1.84282359093493E-07
   26     8.35492065313054E-07     2.17227936981394E-05
   27     2.98924427434918E-07     8.07095954074278E-06
   28     4.34733829236755E-08     1.21725472186291E-06
   29     6.07546256856223E-08     1.76188414488305E-06
   30     2.84231708546370E-06     8.52695125639109E-05
   31     3.72176410080788E-07     1.15374687125044E-05
   32     1.30283704472666E-07     4.16907854312531E-06
   33     1.33582677845120E-07     4.40822836888896E-06
   34     4.38509418637584E-06     1.49093202336778E-04
   35     1.11153276196879E-06     3.89036466689078E-05
   36     1.16576959793741E-07     4.19677055257468E-06
   37     2.00243360670336E-07     7.40900434480244E-06
   38     2.80801626164062E-06     1.06704617942344E-04
   39     2.05801256490552E-06     8.02624900313154E-05
   40     1.53049273029268E-05     6.12197092117071E-04
   41     7.80977190324279E-07     3.20200648032954E-05
   42     2.09970274048071E-06     8.81875151001898E-05
   43     7.13335877768049E-07     3.06734427440261E-05
   44     3.24185717702429E-06     1.42641715789069E-04
   45     1.35358034050655E-06     6.09111153227949E-05
   46     2.61689923820664E-06     1.20377364957505E-04
   47     6.96158802613314E-07     3.27194637228258E-05
   48     1.33664729870666E-06     6.41590703379198E-05
   49     5.50069652998335E-07     2.69534129969184E-05
   50     5.00261533108712E-06     2.50130766554356E-04
   51     3.98148168334084E-06     2.03055565850383E-04
   52     2.51469323194046E-05     1.30764048060904E-03
   53     4.16603423381492E-06     2.20799814392191E-04
   54     3.72880652117588E-06     2.01355552143498E-04
   55     2.74874383138358E-06     1.51180910726097E-04
   56     1.17747435475613E-02     6.59385638663435E-01
   57     2.40444617004441E-06     1.37053431692531E-04
   58     6.82918963907826E-07     3.96092999066539E-05
   59     2.59601585340524E-04     1.53164935350909E-02
   60     1.21142092636152E-03     7.26852555816911E-02
   61     1.25777164850554E-07     7.67240705588377E-06
   62     1.51914752690116E-06     9.41871466678716E-05
   63     1.66656994431985E-05     1.04993906492150E-03
   64     4.16815022150809E-05     2.66761614176518E-03
   65     3.94421419173347E-08     2.56373922462676E-06
   66     2.55133797943784E-07     1.68388306642898E-05
   67     9.09775514570834E-08     6.09549594762459E-06
   68     7.91478116291190E-07     5.38205119078009E-05
   69     4.49660921856015E-09     3.10266036080650E-07
   70     3.08751637253949E-09     2.16126146077764E-07
   71     1.56553482082327E-09     1.11152972278452E-07
   72     3.09562773841644E-09     2.22885197165983E-07
   73     1.61314111602478E-11     1.17759301469809E-09
   74     2.44901169137230E-11     1.81226865161550E-09
   75     1.15810968974529E-11     8.68582267308969E-10
   76     5.01381917134268E-11     3.81050257022044E-09
   77     1.48335825097369E-12     1.14218585324974E-10
   78     1.20675897170210E-13     9.41271997927637E-12
   79     6.21766774111400E-14     4.91195751548006E-12
   80     9.90824952208201E-13     7.92659961766561E-11
   81     5.95678372440211E-14     4.82499481676571E-12
   82     3.36139631463059E-14     2.75634497799708E-12
   83     5.43601743095357E-15     4.51189446769147E-13
   84     2.15775697750732E-15     1.81251586110615E-13
   85     6.91605337186305E-16     5.87864536608359E-14
   86     3.46361868285406E-16     2.97871206725449E-14
   87     4.79005910767226E-17     4.16735142367487E-15
   88     1.53967482434033E-17     1.35491384541949E-15
   89     2.88644538064528E-18     2.56893638877430E-16
   90     1.05227989552516E-17     9.47051905972641E-16
   91     5.06219484256346E-19     4.60659730673275E-17
   92     1.53561432569547E-18     1.41276517963983E-16
   93     2.38077835405135E-19     2.21412386926776E-17
   94     4.38343910946656E-19     4.12043276289857E-17
   95     1.34539588199585E-19     1.27812608789606E-17
   96     6.67772300229870E-19     6.41061408220676E-17
   97     2.59369985666788E-20     2.51588886096785E-18
   98     2.05388314515857E-20     2.01280548225540E-18
   99     0.00000000000000E+00     0.00000000000000E+00
  100     0.00000000000000E+00     0.00000000000000E+00
  101     0.00000000000000E+00     0.00000000000000E+00
  102     0.00000000000000E+00     0.00000000000000E+00
  103     0.00000000000000E+00     0.00000000000000E+00
  104     0.00000000000000E+00     0.00000000000000E+00
  105     0.00000000000000E+00     0.00000000000000E+00
  106     0.00000000000000E+00     0.00000000000000E+00
  107     0.00000000000000E+00     0.00000000000000E+00
  108     0.00000000000000E+00     0.00000000000000E+00
  109     0.00000000000000E+00     0.00000000000000E+00
  110     0.00000000000000E+00     0.00000000000000E+00
  111     0.00000000000000E+00     0.00000000000000E+00
  112     0.00000000000000E+00     0.00000000000000E+00
  113     0.00000000000000E+00     0.00000000000000E+00
  114     0.00000000000000E+00     0.00000000000000E+00
  115     0.00000000000000E+00     0.00000000000000E+00
  116     0.00000000000000E+00     0.00000000000000E+00
  117     0.00000000000000E+00     0.00000000000000E+00
  118     0.00000000000000E+00     0.00000000000000E+00
  119     0.00000000000000E+00     0.00000000000000E+00
  120     0.00000000000000E+00     0.00000000000000E+00
  121     0.00000000000000E+00     0.00000000000000E+00
  122     0.00000000000000E+00     0.00000000000000E+00
  123     0.00000000000000E+00     0.00000000000000E+00
  124     0.00000000000000E+00     0.00000000000000E+00
  125     0.00000000000000E+00     0.00000000000000E+00
  126     0.00000000000000E+00     0.00000000000000E+00
  127     0.00000000000000E+00     0.00000000000000E+00
  128     0.00000000000000E+00     0.00000000000000E+00
  129     0.00000000000000E+00     0.00000000000000E+00
  130     0.00000000000000E+00     0.00000000000000E+00
  131     0.00000000000000E+00     0.00000000000000E+00
  132     0.00000000000000E+00     0.00000000000000E+00
  133     0.00000000000000E+00     0.00000000000000E+00
  134     0.00000000000000E+00     0.00000000000000E+00
  135     0.00000000000000E+00     0.00000000000000E+00
  136     0.00000000000000E+00     0.00000000000000E+00
  137     0.00000000000000E+00     0.00000000000000E+00
  138     0.00000000000000E+00     0.00000000000000E+00
  139     0.00000000000000E+00     0.00000000000000E+00
  140     0.00000000000000E+00     0.00000000000000E+00
  141     0.00000000000000E+00     0.00000000000000E+00
  142     0.00000000000000E+00     0.00000000000000E+00
  143     0.00000000000000E+00     0.00000000000000E+00
  144     0.00000000000000E+00     0.00000000000000E+00
  145     0.00000000000000E+00     0.00000000000000E+00
  146     0.00000000000000E+00     0.00000000000000E+00
  147     0.00000000000000E+00     0.00000000000000E+00
  148     0.00000000000000E+00     0.00000000000000E+00
  149     0.00000000000000E+00     0.00000000000000E+00
  150     0.00000000000000E+00     0.00000000000000E+00
  151     0.00000000000000E+00     0.00000000000000E+00
  152     0.00000000000000E+00     0.00000000000000E+00
  153     0.00000000000000E+00     0.00000000000000E+00
  154     0.00000000000000E+00     0.00000000000000E+00
  155     0.00000000000000E+00     0.00000000000000E+00
  156     0.00000000000000E+00     0.00000000000000E+00
  157     0.00000000000000E+00     0.00000000000000E+00
  158     0.00000000000000E+00     0.00000000000000E+00
  159     0.00000000000000E+00     0.00000000000000E+00
  160     0.00000000000000E+00     0.00000000000000E+00
  161     0.00000000000000E+00     0.00000000000000E+00
  162     0.00000000000000E+00     0.00000000000000E+00
  163     0.00000000000000E+00     0.00000000000000E+00
  164     0.00000000000000E+00     0.00000000000000E+00
  165     0.00000000000000E+00     0.00000000000000E+00
  166     0.00000000000000E+00     0.00000000000000E+00
  167     0.00000000000000E+00     0.00000000000000E+00
  168     0.00000000000000E+00     0.00000000000000E+00
  169     0.00000000000000E+00     0.00000000000000E+00
  170     0.00000000000000E+00     0.00000000000000E+00
  171     0.00000000000000E+00     0.00000000000000E+00
  172     0.00000000000000E+00     0.00000000000000E+00
  173     0.00000000000000E+00     0.00000000000000E+00
  174     0.00000000000000E+00     0.00000000000000E+00
  175     0.00000000000000E+00     0.00000000000000E+00
  176     0.00000000000000E+00     0.00000000000000E+00
  177     0.00000000000000E+00     0.00000000000000E+00
  178     0.00000000000000E+00     0.00000000000000E+00
  179     0.00000000000000E+00     0.00000000000000E+00
  180     0.00000000000000E+00     0.00000000000000E+00
  181     0.00000000000000E+00     0.00000000000000E+00
  182     0.00000000000000E+00     0.00000000000000E+00
  183     0.00000000000000E+00     0.00000000000000E+00
  184     0.00000000000000E+00     0.00000000000000E+00
  185     0.00000000000000E+00     0.00000000000000E+00
  186     0.00000000000000E+00     0.00000000000000E+00
  187     0.00000000000000E+00     0.00000000000000E+00
  188     0.00000000000000E+00     0.00000000000000E+00
  189     0.00000000000000E+00     0.00000000000000E+00
  190     0.00000000000000E+00     0.00000000000000E+00
  191     0.00000000000000E+00     0.00000000000000E+00
  192     0.00000000000000E+00     0.00000000000000E+00
  193     0.00000000000000E+00     0.00000000000000E+00
  194     0.00000000000000E+00     0.00000000000000E+00
  195     0.00000000000000E+00     0.00000000000000E+00
  196     0.00000000000000E+00     0.00000000000000E+00
  197     0.00000000000000E+00     0.00000000000000E+00
  198     0.00000000000000E+00     0.00000000000000E+00
  199     0.00000000000000E+00     0.00000000000000E+00
  200     0.00000000000000E+00     0.00000000000000E+00
  201     0.00000000000000E+00     0.00000000000000E+00
  202     0.00000000000000E+00     0.00000000000000E+00
  203     0.00000000000000E+00     0.00000000000000E+00
  204     0.00000000000000E+00     0.00000000000000E+00
  205     0.00000000000000E+00     0.00000000000000E+00
  206     0.00000000000000E+00     0.00000000000000E+00
  207     0.00000000000000E+00     0.00000000000000E+00
  208     0.00000000000000E+00     0.00000000000000E+00
  209     0.00000000000000E+00     0.00000000000000E+00
  210     0.00000000000000E+00     0.00000000000000E+00
  211     0.00000000000000E+00     0.00000000000000E+00
  212     0.00000000000000E+00     0.00000000000000E+00
  213     0.00000000000000E+00     0.00000000000000E+00
  214     0.00000000000000E+00     0.00000000000000E+00
  215     0.00000000000000E+00     0.00000000000000E+00
  216     0.00000000000000E+00     0.00000000000000E+00
  217     0.00000000000000E+00     0.00000000000000E+00
  218     0.00000000000000E+00     0.00000000000000E+00
  219     0.00000000000000E+00     0.00000000000000E+00
  220     0.00000000000000E+00     0.00000000000000E+00
  221     0.00000000000000E+00     0.00000000000000E+00
  222     0.00000000000000E+00     0.00000000000000E+00
  223     0.00000000000000E+00     0.00000000000000E+00
  224     0.00000000000000E+00     0.00000000000000E+00
  225     0.00000000000000E+00     0.00000000000000E+00
  226     0.00000000000000E+00     0.00000000000000E+00
  227     0.00000000000000E+00     0.00000000000000E+00
  228     0.00000000000000E+00     0.00000000000000E+00
  229     0.00000000000000E+00     0.00000000000000E+00
  230     0.00000000000000E+00     0.00000000000000E+00
  231     0.00000000000000E+00     0.00000000000000E+00
  232     0.00000000000000E+00     0.00000000000000E+00
  233     0.00000000000000E+00     0.00000000000000E+00
  234     0.00000000000000E+00     0.00000000000000E+00
  235     0.00000000000000E+00     0.00000000000000E+00
  236     0.00000000000000E+00     0.00000000000000E+00
  237     0.00000000000000E+00     0.00000000000000E+00
  238     0.00000000000000E+00     0.00000000000000E+00
  239     0.00000000000000E+00     0.00000000000000E+00
  240     0.00000000000000E+00     0.00000000000000E+00
  241     0.00000000000000E+00     0.00000000000000E+00
  242     0.00000000000000E+00     0.00000000000000E+00
  243     0.00000000000000E+00     0.00000000000000E+00
  244     0.00000000000000E+00     0.00000000000000E+00
  245     0.00000000000000E+00     0.00000000000000E+00
  246     0.00000000000000E+00     0.00000000000000E+00
  247     0.00000000000000E+00     0.00000000000000E+00
  248     0.00000000000000E+00     0.00000000000000E+00
  249     0.00000000000000E+00     0.00000000000000E+00
  250     0.00000000000000E+00     0.00000000000000E+00
  251     0.00000000000000E+00     0.00000000000000E+00
  252     0.00000000000000E+00     0.00000000000000E+00
  253     0.00000000000000E+00     0.00000000000000E+00
  254     0.00000000000000E+00     0.00000000000000E+00
  255     0.00000000000000E+00     0.00000000000000E+00
  256     0.00000000000000E+00     0.00000000000000E+00
  257     0.00000000000000E+00     0.00000000000000E+00
  258     0.00000000000000E+00     0.00000000000000E+00
  259     0.00000000000000E+00     0.00000000000000E+00
  260     0.00000000000000E+00     0.00000000000000E+00
  261     0.00000000000000E+00     0.00000000000000E+00
  262     0.00000000000000E+00     0.00000000000000E+00
  263     0.00000000000000E+00     0.00000000000000E+00
  264     0.00000000000000E+00     0.00000000000000E+00
  265     0.00000000000000E+00     0.00000000000000E+00
  266     0.00000000000000E+00     0.00000000000000E+00
  267     0.00000000000000E+00     0.00000000000000E+00
  268     0.00000000000000E+00     0.00000000000000E+00
  269     0.00000000000000E+00     0.00000000000000E+00
  270     0.00000000000000E+00     0.00000000000000E+00
  271     0.00000000000000E+00     0.00000000000000E+00
  272     0.00000000000000E+00     0.00000000000000E+00
  273     0.00000000000000E+00     0.00000000000000E+00
  274     0.00000000000000E+00     0.00000000000000E+00
  275     0.00000000000000E+00     0.00000000000000E+00
  276     0.00000000000000E+00     0.00000000000000E+00
  277     0.00000000000000E+00     0.00000000000000E+00
  278     0.00000000000000E+00     0.00000000000000E+00
  279     0.00000000000000E+00     0.00000000000000E+00
  280     0.00000000000000E+00     0.00000000000000E+00
  281     0.00000000000000E+00     0.00000000000000E+00
  282     0.00000000000000E+00     0.00000000000000E+00
  283     0.00000000000000E+00     0.00000000000000E+00
  284     0.00000000000000E+00     0.00000000000000E+00
  285     0.00000000000000E+00     0.00000000000000E+00
  286     0.00000000000000E+00     0.00000000000000E+00
  287     0.00000000000000E+00     0.00000000000000E+00
  288     0.00000000000000E+00     0.00000000000000E+00
  289     0.00000000000000E+00     0.00000000000000E+00
  290     0.00000000000000E+00     0.00000000000000E+00
  291     0.00000000000000E+00     0.00000000000000E+00
  292     0.00000000000000E+00     0.00000000000000E+00
  293     0.00000000000000E+00     0.00000000000000E+00
  294     0.00000000000000E+00     0.00000000000000E+00
  295     0.00000000000000E+00     0.00000000000000E+00
  296     0.00000000000000E+00     0.00000000000000E+00
  297     0.00000000000000E+00     0.00000000000000E+00
  298     0.00000000000000E+00     0.00000000000000E+00
  299     0.00000000000000E+00     0.00000000000000E+00
  300     0.00000000000000E+00     0.00000000000000E+00
  301     0.00000000000000E+00     0.00000000000000E+00
  302     0.00000000000000E+00     0.00000000000000E+00
  303     0.00000000000000E+00     0.00000000000000E+00
  304     0.00000000000000E+00     0.00000000000000E+00
  305     0.00000000000000E+00     0.00000000000000E+00
  306     0.00000000000000E+00     0.00000000000000E+00
  307     0.00000000000000E+00     0.00000000000000E+00
  308     0.00000000000000E+00     0.00000000000000E+00
  309     0.00000000000000E+00     0.00000000000000E+00
  310     0.00000000000000E+00     0.00000000000000E+00
  311     0.00000000000000E+00     0.00000000000000E+00
  312     0.00000000000000E+00     0.00000000000000E+00
  313     0.00000000000000E+00     0.00000000000000E+00
  314     0.00000000000000E+00     0.00000000000000E+00
  315     0.00000000000000E+00     0.00000000000000E+00
  316     0.00000000000000E+00     0.00000000000000E+00
  317     0.00000000000000E+00     0.00000000000000E+00
  318     0.00000000000000E+00     0.00000000000000E+00
  319     0.00000000000000E+00     0.00000000000000E+00
  320     0.00000000000000E+00     0.00000000000000E+00
  321     0.00000000000000E+00     0.00000000000000E+00
  322     0.00000000000000E+00     0.00000000000000E+00
  323     0.00000000000000E+00     0.00000000000000E+00
  324     0.00000000000000E+00     0.00000000000000E+00
  325     0.00000000000000E+00     0.00000000000000E+00
  326     0.00000000000000E+00     0.00000000000000E+00
  327     0.00000000000000E+00     0.00000000000000E+00
  328     0.00000000000000E+00     0.00000000000000E+00
  329     0.00000000000000E+00     0.00000000000000E+00
  330     0.00000000000000E+00     0.00000000000000E+00
  331     0.00000000000000E+00     0.00000000000000E+00
  332     0.00000000000000E+00     0.00000000000000E+00
  333     0.00000000000000E+00     0.00000000000000E+00
  334     0.00000000000000E+00     0.00000000000000E+00
  335     0.00000000000000E+00     0.00000000000000E+00
  336     0.00000000000000E+00     0.00000000000000E+00
  337     0.00000000000000E+00     0.00000000000000E+00
