# 1:iteration 2:time[s], 3:T[GK], 4:rho[g/cm3], 5:Ye 
# 6:R[km], 7:Y_n, 8:Y_p, 9:Y_alpha, 10:Y_lights 
# 11:Y_heavies 12:<Z> 13:<A> 14:entropy [kB/baryon] (15:Sn [MeV])
       0  1.4705612891743311E-01   5.9999999999848352E+00   2.9257388342496618E+06   5.0199999999999878E-01   5.0000000000000000E+01   4.2913279238880424E-04   2.0447057403406282E-02   1.8499838416382891E-01   2.8042476101641585E-08   4.3872299662385816E-03   2.3874994065522595E+00   4.7559749134507143E+00   2.7018514806989650E+01
      10  1.4705613096343312E-01   5.9999999757103639E+00   2.9257387987392796E+06   5.0200000000004696E-01   5.0000000000000000E+01   4.2913273097852428E-04   2.0447058051855552E-02   1.8499838054201775E-01   2.8042473313043819E-08   4.3872302209164724E-03   2.3874994381201757E+00   4.7559749763360974E+00   2.7018514776145285E+01
      20  1.4705822606743310E-01   5.9999751187029631E+00   2.9257024363342910E+06   5.0199999983862620E-01   5.0000000000000000E+01   4.2906985264248127E-04   2.0447722002318338E-02   1.8499467163940414E-01   2.8039617913196582E-08   4.3874910182528796E-03   2.3875317655639834E+00   4.7560393751625405E+00   2.7018483170091866E+01
      30  1.4920361256343312E-01   5.9745755099598572E+00   2.8887035036819195E+06   5.0199983410555049E-01   5.0000000000000000E+01   3.6930930716722163E-04   2.1127733202131932E-02   1.8115505870102833E-01   2.5252941808241842E-08   4.6575816738736184E-03   2.4214969892942015E+00   4.8237007759350163E+00   2.6985926548194541E+01
      40  1.6420070254347427E-01   5.7999999912867271E+00   2.6428090410172176E+06   5.0199868342877152E-01   5.0000000000000000E+01   1.3062441153010050E-04   2.5614630511215417E-02   1.5251178617513864E-01   1.1874468873575376E-08   6.6847574245806054E-03   2.7143601674026616E+00   5.4071061478945053E+00   2.6548980727172392E+01
      50  1.6420096443147425E-01   5.7999969877262147E+00   2.6428049352416424E+06   5.0199868340554821E-01   5.0000000000000000E+01   1.3067410567805968E-04   2.5615870362964258E-02   1.5251128423098312E-01   1.1879540899005114E-08   6.6847559016348437E-03   2.7143486301040465E+00   5.4070831654176335E+00   2.6548991260043156E+01
      60  1.6446913774347427E-01   5.7969221578963221E+00   2.6386039667635160E+06   5.0199865972465618E-01   5.0000000000000000E+01   1.2888988118982017E-04   2.5608330182793675E-02   1.5244421257003349E-01   1.1732923387134799E-08   6.6881893037006833E-03   2.7154197785613876E+00   5.4092171884184923E+00   2.6546427582619582E+01
      70  1.7042352750857551E-01   5.7290684764508368E+00   2.5470287351294076E+06   5.0199814106036433E-01   5.0000000000000000E+01   8.8298138270627926E-05   2.6637361682410262E-02   1.4360437566612638E-01   8.6825511162865327E-09   7.3102824721582357E-03   2.8259244426712371E+00   5.6293524085429238E+00   2.6403342358400636E+01
      80  1.7692562424377159E-01   5.6558802147303027E+00   2.4506563430460393E+06   5.0199758693000684E-01   5.0000000000000000E+01   5.7780463826647601E-05   2.7797554120482938E-02   1.3269622552301588E-01   6.1872035880289824E-09   8.0854814910360125E-03   2.9767930209993652E+00   5.9298950836774384E+00   2.6227976248520974E+01
      90  1.8350281769709909E-01   5.5827978425367206E+00   2.3568802171807187E+06   5.0199704700567516E-01   5.0000000000000000E+01   3.7904987151922090E-05   2.8673967839259348E-02   1.2255221153229134E-01   4.3763831836280479E-09   8.8061246927563629E-03   3.1361053143842397E+00   6.2472584927049404E+00   2.6056552757160695E+01
     100  1.9068638726668719E-01   5.5040562412527176E+00   2.2585535595926633E+06   5.0199648900843874E-01   5.0000000000000000E+01   2.4136486666406092E-05   2.9297491824237246E-02   1.1288970874816509E-01   2.9924602100889158E-09   9.4897209057386127E-03   3.3091165337983073E+00   6.5919117096932025E+00   2.5882171056398516E+01
     110  1.9788984801115816E-01   5.4262118056369602E+00   2.1640736192600681E+06   5.0199596783536082E-01   5.0000000000000000E+01   1.5482928154319822E-05   2.9621444840691961E-02   1.0481821444074971E-01   2.0431131072571601E-09   1.0056446704242409E-02   3.4737418951044532E+00   6.9198601524724692E+00   2.5723838037635797E+01
     120  2.0485108477070110E-01   5.3520311907347322E+00   2.0765276216844521E+06   5.0199550281068372E-01   5.0000000000000000E+01   1.0146032519514671E-05   2.9709468618551275E-02   9.8462672329293635E-02   1.4133594195771129E-09   1.0498581888691431E-02   3.6197891013259413E+00   7.2107998583266113E+00   2.5586546196858670E+01
     130  2.1155290305123822E-01   5.2815732890171398E+00   1.9955919202848580E+06   5.0199509081522420E-01   5.0000000000000000E+01   6.7791300982522046E-06   2.9642808079410759E-02   9.3463218844527601E-02   9.9135659642138767E-10   1.0843049215309040E-02   3.7474665522517467E+00   7.4651458127267167E+00   2.5466907701477808E+01
     140  2.1791721756139179E-01   5.2155225056069465E+00   1.9216543637241249E+06   5.0199473114030324E-01   5.0000000000000000E+01   4.6283583867904393E-06   2.9485061820245125E-02   8.9508898588226249E-02   7.0761848030468540E-10   1.1112717921441827E-02   3.8581945042852643E+00   7.6857270848956212E+00   2.5362240804329470E+01
     150  2.2422848776951365E-01   5.1508379861671827E+00   1.8510385974988316E+06   5.0199440328432576E-01   5.0000000000000000E+01   3.1688594075221874E-06   2.9267414514527669E-02   8.6171959816748744E-02   5.0607653746020838E-10   1.1337507999970662E-02   3.9595693215612475E+00   7.8876762229719546E+00   2.5264969396931892E+01
     160  2.3018788690208808E-01   5.0904963747230711E+00   1.7867434660421717E+06   5.0199411811034911E-01   5.0000000000000000E+01   2.2127914931653431E-06   2.9023715489760956E-02   8.3431994756717226E-02   3.6834064722135344E-10   1.1519339349608537E-02   4.0490821216035942E+00   8.0659951424007659E+00   2.5177581679294615E+01
     170  2.3609249801740734E-01   5.0314067200193886E+00   1.7252422356316440E+06   5.0199385736028423E-01   5.0000000000000000E+01   1.5471338420493366E-06   2.8755709503368320E-02   8.1027675661184531E-02   2.6851605737464800E-10   1.1676085005463611E-02   4.1329627183566338E+00   8.2330941976870751E+00   2.5094216601485329E+01
     180  2.4175901542606457E-01   4.9753448330114454E+00   1.6682124737142450E+06   5.0199362609499187E-01   5.0000000000000000E+01   1.0948903174094909E-06   2.8478685709214191E-02   7.8954937307974690E-02   1.9798006760620119E-10   1.1808516038446905E-02   4.2098290079004199E+00   8.3862200343878985E+00   2.5016484978521518E+01
     190  2.4723711736338039E-01   4.9217409674919645E+00   1.6148718493805786E+06   5.0199341904877259E-01   5.0000000000000000E+01   7.8191702035074585E-07   2.8194274760622622E-02   7.7132703229112004E-02   1.4725876020962876E-10   1.1922470251579009E-02   4.2813853562625264E+00   8.5287678890969101E+00   2.4942939697034305E+01
     200  2.5276684804491967E-01   4.8682176014835576E+00   1.5627580758856526E+06   5.0199322533023283E-01   5.0000000000000000E+01   5.5523088342585005E-07   2.7890679693471102E-02   7.5447983001186852E-02   1.0907640854918809E-10   1.2025502027572257E-02   4.3513582407136395E+00   8.6681612776357486E+00   2.4869909903660954E+01
     210  2.5847724173565562E-01   4.8135563856586554E+00   1.5107061442565962E+06   5.0199304014938106E-01   5.0000000000000000E+01   3.8881392500531926E-07   2.7558656739779291E-02   7.3850512505907878E-02   7.9891036804975594E-11   1.2120998612802239E-02   4.4216557595555654E+00   8.8082013150843199E+00   2.4795443326431659E+01
     220  2.6431950237753460E-01   4.7582680225429064E+00   1.4592459908240417E+06   5.0199286498231410E-01   5.0000000000000000E+01   2.6926694957445666E-07   2.7197614975050022E-02   7.2349182473941634E-02   5.8010768314676701E-11   1.2208792581454497E-02   4.4918706533844865E+00   8.9480766825102798E+00   2.4719980264917076E+01
     230  2.7028301086712908E-01   4.7024871218194839E+00   1.4085252919648578E+06   5.0199269991246642E-01   5.0000000000000000E+01   1.8450887473597321E-07   2.6804500992765577E-02   7.0942754336234246E-02   4.1784046041348341E-11   1.2289450027441829E-02   4.5620400607130760E+00   9.0878613535453852E+00   2.4643482230841016E+01
     240  2.7673410192014208E-01   4.6428815808689325E+00   1.3556407835426242E+06   5.0199253561224200E-01   5.0000000000000000E+01   1.2217514578672811E-07   2.6348711645966996E-02   6.9554525125800820E-02   2.9255607920659377E-11   1.2367852346136217E-02   4.6364359415717002E+00   9.2360654981308645E+00   2.4561145294467558E+01
     250  2.8410743887093165E-01   4.5756795437341058E+00   1.2976232209915363E+06   5.0199236423003268E-01   5.0000000000000000E+01   7.5954335256821929E-08   2.5786307543487607E-02   6.8127603344463827E-02   1.9432977632072527E-11   1.2447764903464718E-02   4.7196699555897208E+00   9.4018759824918217E+00   2.4467387492203354E+01
     260  2.9167332600683010E-01   4.5077335686873381E+00   1.2406706890295739E+06   5.0199220464966754E-01   5.0000000000000000E+01   4.6426389119089487E-08   2.5161971904558107E-02   6.6831422758822201E-02   1.2750575257443287E-11   1.2520657822776376E-02   4.8031051294665676E+00   9.5680870781741056E+00   2.4371421949941844E+01
     270  2.9917757996780581E-01   4.4413377949193213E+00   1.1866515800635999E+06   5.0199206084594261E-01   5.0000000000000000E+01   2.8363598516856506E-08   2.4496250449135958E-02   6.5706839382759202E-02   8.3838039103145671E-12   1.2585249371045085E-02   4.8837438777305264E+00   9.7287273158393077E+00   2.4276396626148227E+01
     280  3.0715123860414006E-01   4.3718601518071187E+00   1.1318284040009126E+06   5.0199192222335132E-01   5.0000000000000000E+01   1.6719035375441872E-08   2.3741512069990329E-02   6.4680412086336458E-02   5.3639386189208617E-12   1.2646741584804722E-02   4.9668394796237072E+00   9.8942617530076618E+00   2.4175554936598271E+01
     290  3.1582946693132530E-01   4.2974779097793423E+00   1.0750353965431752E+06   5.0199178610527284E-01   5.0000000000000000E+01   9.3490618829176299E-09   2.2871236243891459E-02   6.3749682762440293E-02   3.2959698734046894E-12   1.2706621867610395E-02   5.0539028191229454E+00   1.0067700220849932E+01   2.4065900444603113E+01
     300  3.2420087600803582E-01   4.2269249037481922E+00   1.0229523434020828E+06   5.0199166758091807E-01   5.0000000000000000E+01   5.3032914446344531E-09   2.1991890871857333E-02   6.3021740632246637E-02   2.0591290105046705E-12   1.2758570208860896E-02   5.1342982110128856E+00   1.0227855439076368E+01   2.3960137799974138E+01
     310  3.3232389907389892E-01   4.1595726881454977E+00   9.7482791930755030E+05   5.0199156319317262E-01   5.0000000000000000E+01   3.0404876740382435E-09   2.1109757672647826E-02   6.2459728318129570E-02   1.3039341160058496E-12   1.2804360978769780E-02   5.2087943268232078E+00   1.0376258697009362E+01   2.3857425707233315E+01
     320  3.4142984206212185E-01   4.0853455938736722E+00   9.2356657721064880E+05   5.0199145722327809E-01   5.0000000000000000E+01   1.6172180102948758E-09   2.0097074541634577E-02   6.1979071672118087E-02   7.8090739091082075E-13   1.2851065845800234E-02   5.2881722508830791E+00   1.0534386932832145E+01   2.3742026121103898E+01
     330  3.5039045696406662E-01   4.0135962977302375E+00   8.7575548763338989E+05   5.0199136292925417E-01   5.0000000000000000E+01   8.6160860178150142E-10   1.9085886763711188E-02   6.1637741861684331E-02   4.7115909511927882E-13   1.2892968596692523E-02   5.3622047073098011E+00   1.0681866461735265E+01   2.3627990799064904E+01
     340  3.5910733539517320E-01   3.9450079944472285E+00   8.3162103918902366E+05   5.0199127955301492E-01   5.0000000000000000E+01   4.6301800431520811E-10   1.8097032422583970E-02   6.1410024241678497E-02   2.8784765733406143E-13   1.2930401768933487E-02   5.4306044924392909E+00   1.0818125154881471E+01   2.3516394102283179E+01
     350  3.6760570742702520E-01   3.8792675604131452E+00   7.9073508579776553E+05   5.0199120527536789E-01   5.0000000000000000E+01   2.5058250850291878E-10   1.7135461544675133E-02   6.1268930004079708E-02   1.7768758429941346E-13   1.2964125806770789E-02   5.4941375697752717E+00   1.0944688887823014E+01   2.3406778717669393E+01
     360  3.7590549717331168E-01   3.8161208402771809E+00   7.5274548735937790E+05   5.0199113866959510E-01   5.0000000000000000E+01   1.3640743945808045E-10   1.6205028673401511E-02   6.1193083274437766E-02   1.1059964478620194E-13   1.2994713030799866E-02   5.5534400880830654E+00   1.1062824931893156E+01   2.3298791319376523E+01
     370  3.8604294152999097E-01   3.7403856170603333E+00   7.0881180200089479E+05   5.0199106442749264E-01   5.0000000000000000E+01   6.4128507795624461E-11   1.5088374613338368E-02   6.1165254097251605E-02   6.1607980040111936E-14   1.3029225814990332E-02   5.6224800017203806E+00   1.1200358724497287E+01   2.3165464391779501E+01
     380  3.9654273028601478E-01   3.6635275971592436E+00   6.6600916771188274E+05   5.0199099470624342E-01   5.0000000000000000E+01   2.8921867045540778E-11   1.3964005186994033E-02   6.1191521336940329E-02   3.3263822105773457E-14   1.3062038384244837E-02   5.6903746443689904E+00   1.1335610998384226E+01   2.3025523344591306E+01
     390  4.0674652525960359E-01   3.5903496698413915E+00   6.2689101733976859E+05   5.0199093305111564E-01   5.0000000000000000E+01   1.3143316540030754E-11   1.2911382984266530E-02   6.1253936384342428E-02   1.8017950236042018E-14   1.3091355060838869E-02   5.7530376473525537E+00   1.1460441344319685E+01   2.2887581470676437E+01
     400  4.1666133232841551E-01   3.5206447223888326E+00   5.9108291922552593E+05   5.0199087820493382E-01   5.0000000000000000E+01   6.0201826901655684E-12   1.1933560545172195E-02   6.1336834914698615E-02   9.7561373399114272E-15   1.3117630161198619E-02   5.8108849526416577E+00   1.1575678366192182E+01   2.2751616532263128E+01
     410  4.2630384933303483E-01   3.4541523628396456E+00   5.5822113616549177E+05   5.0199082909143300E-01   5.0000000000000000E+01   2.7791648920519519E-12   1.1030884616703790E-02   6.1429233459946407E-02   5.2622932668490884E-15   1.3141260211327955E-02   5.8642844205886444E+00   1.1682054884132189E+01   2.2617505559291928E+01
     420  4.3602165319288255E-01   3.3884113296226519E+00   5.2695093653704901E+05   5.0199078331673963E-01   5.0000000000000000E+01   1.2594325159896582E-12   1.0174336001110316E-02   6.1526784184999406E-02   2.7594399722257566E-15   1.3163293985983811E-02   5.9152094338541445E+00   1.1783502061386779E+01   2.2480440964089567E+01
     430  4.4670633693466577E-01   3.3175725722105431E+00   4.9458745986431470E+05   5.0199073672549077E-01   5.0000000000000000E+01   5.2194055306365486E-13   9.2996100061005105E-03   6.1632027034540619E-02   1.3209600787277157E-15   1.3185597481295927E-02   5.9677513125024770E+00   1.1888170183284032E+01   2.2327517466539636E+01
     440  4.5699426426064421E-01   3.2507641477816405E+00   4.6530550334298192E+05   5.0199069488705583E-01   5.0000000000000000E+01   2.2282036862470444E-13   8.5288490200149964E-03   6.1725000302488710E-02   6.3641846345099675E-16   1.3205315438749882E-02   6.0148061189172637E+00   1.1981907585685839E+01   2.2178076460223714E+01
     450  4.6735352841847061E-01   3.1848518044195289E+00   4.3757196738517337E+05   5.0199065498130124E-01   5.0000000000000000E+01   9.5202256631361845E-14   7.8279451247115113E-03   6.1805226263068128E-02   3.0196805730106931E-16   1.3223545390649193E-02   6.0585390599427287E+00   1.2069027572302494E+01   2.2025440867686697E+01
     460  4.7938189705858092E-01   3.1099944806149544E+00   4.0743718249114137E+05   5.0199061022960623E-01   5.0000000000000000E+01   3.6099192018524694E-14   7.1118989160094959E-03   6.1876774078356379E-02   1.2718647754120119E-16   1.3242801394139322E-02   6.1046042766753104E+00   1.2160793744564369E+01   2.1845518556512207E+01
     470  4.9127777393171645E-01   3.0376923521099788E+00   3.7967602009708050E+05   5.0199056606288495E-01   5.0000000000000000E+01   1.4112347168005336E-14   6.5069226779252212E-03   6.1921145921950339E-02   5.4650241157535473E-17   1.3259991470259667E-02   6.1452134575334769E+00   1.2241691117303924E+01   2.1664735956694162E+01
     480  5.0298267120492657E-01   2.9681918274302759E+00   3.5420745703359536E+05   5.0199052084191387E-01   5.0000000000000000E+01   5.6900209947764462E-15   6.0090319388881085E-03   6.1937157879036725E-02   2.4202409571052253E-17   1.3275248159133465E-02   6.1805175252335580E+00   1.2312020376109926E+01   2.1484096328423696E+01
     490  5.1451645670645130E-01   2.9012629230294191E+00   3.3078291413515236E+05   5.0199047237324113E-01   5.0000000000000000E+01   2.3571252577578358E-15   5.6085823326260855E-03   6.1924786599564866E-02   1.1112439730204332E-17   1.3288800807968215E-02   6.2110491958717589E+00   1.2372842780211407E+01   2.1303415192179632E+01
     500  5.2538388905376443E-01   2.8395822676233879E+00   3.1013099429519410E+05   5.0199042083256296E-01   5.0000000000000000E+01   1.0429871831811928E-15   5.3079323329303868E-03   6.1886752848784379E-02   5.5091371047798780E-18   1.3300333844189216E-02   6.2362917222370156E+00   1.2423128927129826E+01   2.1130725893437230E+01
     510  5.3571135339091003E-01   2.7821819691612215E+00   2.9170132392391126E+05   5.0199036424135846E-01   5.0000000000000000E+01   4.8930674431727210E-16   5.0849457042144051E-03   6.1826845421330642E-02   2.9359813347950631E-18   1.3310267513657397E-02   6.2575103750335010E+00   1.2465399371612490E+01   2.0964400070260755E+01
     520  5.4593690038792930E-01   2.7264913962625763E+00   2.7453277489386412E+05   5.0199029855430533E-01   5.0000000000000000E+01   2.3638030665459000E-16   4.9168139069336435E-03   6.1745573106185683E-02   1.6424384179089414E-18   1.3319191295697041E-02   6.2763239882072828E+00   1.2502879044090372E+01   2.0797564825569079E+01
     530  5.5623547610627977E-01   2.6715297602886539E+00   2.5826279965503907E+05   5.0199022026185824E-01   5.0000000000000000E+01   1.1662590620356213E-16   4.7914272089708285E-03   6.1643548567018758E-02   9.5849731155318126E-19   1.3327332272478782E-02   6.2935769104978529E+00   1.2537250034727089E+01   2.0627354955355155E+01
     540  5.6628025838841256E-01   2.6189900700798971E+00   2.4332311101761658E+05   5.0199012964669953E-01   5.0000000000000000E+01   6.0363658196590585E-17   4.7023925517863949E-03   6.1527473959567078E-02   5.9471119502932184E-19   1.3334520684869074E-02   6.3092313953061234E+00   1.2568437143672888E+01   2.0459230012914603E+01
     550  5.7605081610969067E-01   2.5688762472429985E+00   2.2962086808765749E+05   5.0199002516533986E-01   5.0000000000000000E+01   3.2948969643475662E-17   4.6391615551285440E-03   6.1402834065643952E-02   3.9268791716168608E-19   1.3340858612304825E-02   6.3236580495258918E+00   1.2597178685644865E+01   2.0293738400977045E+01
     560  5.8591714212267387E-01   2.5192442235776098E+00   2.1656716900821208E+05   5.0198989967556407E-01   5.0000000000000000E+01   1.8623939148128359E-17   4.5919203427799453E-03   6.1270538741310859E-02   2.7208488547813318E-19   1.3346657492609748E-02   6.3375268071506987E+00   1.2624809397820350E+01   2.0124768331375151E+01
     570  5.9760353351826712E-01   2.4616955519676158E+00   2.0206208403044971E+05   5.0198971825582395E-01   5.0000000000000000E+01   1.0010637264576449E-17   4.5505929571692605E-03   6.1114498012580988E-02   1.8831260277415112E-19   1.3352811519734666E-02   6.3528605852657760E+00   1.2655359960784164E+01   1.9922445822581679E+01
     580  6.0833791529982029E-01   2.4099940390829473E+00   1.8959623561429599E+05   5.0198951194306907E-01   5.0000000000000000E+01   5.9313728936624074E-18   4.5219991432017652E-03   6.0980712737787088E-02   1.4197073745535944E-19   1.3357856688750126E-02   6.3655324967527145E+00   1.2680608540962311E+01   1.9734807459791259E+01
     590  6.1975853970114092E-01   2.3561789450362594E+00   1.7717670367388049E+05   5.0198923697801812E-01   5.0000000000000000E+01   3.5291177363363099E-18   4.4981425458329380E-03   6.0856077838413881E-02   1.0994075568592739E-19   1.3362649790888215E-02   6.3771493437322366E+00   1.2703757112366175E+01   1.9533613556523033E+01
     600  6.3114983767365385E-01   2.3036991277377332E+00   1.6559952194809995E+05   5.0198888627318294E-01   5.0000000000000000E+01   2.1577427242948099E-18   4.4784389842625061E-03   6.0753427816704557E-02   8.7927279459510405E-20   1.3366906024172041E-02   6.3867267672228314E+00   1.2722844942825056E+01   1.9331623681048718E+01
     610  6.4356232792530432E-01   2.2478445536358982E+00   1.5384402364932033E+05   5.0198838212761132E-01   5.0000000000000000E+01   1.2831020605012533E-18   4.4583816846314210E-03   6.0665709907603949E-02   7.0362992363837918E-20   1.3371012728051820E-02   6.3951552963013594E+00   1.2739648007476154E+01   1.9110315967611669E+01
     620  6.5677023396205381E-01   2.1898971190505723E+00   1.4225021840511775E+05   5.0198764354412362E-01   5.0000000000000000E+01   7.4266263704639555E-19   4.4345646739696208E-03   6.0595599419497659E-02   5.5975280623435538E-20   1.3374847013459028E-02   6.4024943872468674E+00   1.2754286814484463E+01   1.8873737205277298E+01
     630  6.6992414941439682E-01   2.1336712976535805E+00   1.3157226478619309E+05   5.0198659914107047E-01   5.0000000000000000E+01   4.2925253107971381E-19   4.4039406682585911E-03   6.0543771446394549E-02   4.4356624515035879E-20   1.3378184992078983E-02   6.4089479684736927E+00   1.2767169432964295E+01   1.8637343631065708E+01
     640  6.8324665368245130E-01   2.0781961636748933E+00   1.2157420028952842E+05   5.0198506452381653E-01   5.0000000000000000E+01   2.4352896484321736E-19   4.3613301047642754E-03   6.0504387077914695E-02   3.4469316501111193E-20   1.3381136354732285E-02   6.4154025603573723E+00   1.2780066598747762E+01   1.8397526785791037E+01
     650  6.9619630445825031E-01   2.0256562957451560E+00   1.1258462342990140E+05   5.0198288483575415E-01   5.0000000000000000E+01   1.3808109157148783E-19   4.3044524484909053E-03   6.0475028406133523E-02   2.6307726024163348E-20   1.3383641771614588E-02   6.4222470644646554E+00   1.2793757026985570E+01   1.8164489833914367E+01
     660  7.0998429009568020E-01   1.9711743537962789E+00   1.0374255157227555E+05   5.0197946784273362E-01   5.0000000000000000E+01   7.3968369747864683E-20   4.2235317094371149E-03   6.0450697189974353E-02   1.9085653692606680E-20   1.3385962240535369E-02   6.4306717740772914E+00   1.2810627091058160E+01   1.7917020206580119E+01
     670  7.2587024600249572E-01   1.9102167399236056E+00   9.4412553760435359E+04   5.0197353734984995E-01   5.0000000000000000E+01   3.5326457089406961E-20   4.1033577926130283E-03   6.0429037658279949E-02   1.2674578186631115E-20   1.3388248135073872E-02   6.4421123113035108E+00   1.2833569556536311E+01   1.7633676204572904E+01
     680  7.4302364694014789E-01   1.8465106145872159E+00   8.5278044034728242E+04   5.0196390283339287E-01   5.0000000000000000E+01   1.5964181270941093E-20   3.9477222714422245E-03   6.0411132090721305E-02   7.9924744375212124E-21   1.3390318143143717E-02   6.4561960810467625E+00   1.2861873215207780E+01   1.7331357206454800E+01
     690  7.5905727198823558E-01   1.7888857359065948E+00   7.7540680579639942E+04   5.0195119452741788E-01   5.0000000000000000E+01   8.0210197358565731E-21   3.7921856145274216E-03   6.0398169967414879E-02   5.4013471054567903E-21   1.3391937445286996E-02   6.4699195517622474E+00   1.2889539098819984E+01   1.7053885719195023E+01
     700  7.7330491246880906E-01   1.7391904618129981E+00   7.1256295446821110E+04   5.0193671080754765E-01   5.0000000000000000E+01   4.7599607043492462E-21   3.6604094245596109E-03   6.0389019063166870E-02   4.1524246455539029E-21   1.3393158353504712E-02   6.4814042412683470E+00   1.2912791787298250E+01   1.6812923248759368E+01
     710  7.8722762670195578E-01   1.6919624713882286E+00   6.5607574598272273E+04   5.0191990762503036E-01   5.0000000000000000E+01   3.1598487746669465E-21   3.5480178848494282E-03   6.0381801304579194E-02   3.5559969495552661E-21   1.3394179980573752E-02   6.4911271146429463E+00   1.2932595443647584E+01   1.6583780760374616E+01
     720  8.0152498145148077E-01   1.6447980279129639E+00   6.0272545701221330E+04   5.0190054435128229E-01   5.0000000000000000E+01   2.2659649963980439E-21   3.4542816173948896E-03   6.0375816642452097E-02   3.3291471648275370E-21   1.3395076085395172E-02   6.4991830527632217E+00   1.2949145247377370E+01   1.6356107124599649E+01
     730  8.1446826480067724E-01   1.6032352909144436E+00   5.5817913391225491E+04   5.0188183965737176E-01   5.0000000000000000E+01   1.7629325635139875E-21   3.3878449247730967E-03   6.0371395744719059E-02   3.3159280801549846E-21   1.3395771869194537E-02   6.5048507302843159E+00   1.2960920702970071E+01   1.6157535447493370E+01
     740  8.2677764343985394E-01   1.5646828788202716E+00   5.1887267024218556E+04   5.0186354719913784E-01   5.0000000000000000E+01   1.4218661389482582E-21   3.3382771676633560E-03   6.0367902079492983E-02   3.4015715466395353E-21   1.3396344936366178E-02   6.5090417274093708E+00   1.2969743986206490E+01   1.5976017404335993E+01
     750  8.4271900891325346E-01   1.5161296912065394E+00   4.7205311052035882E+04   5.0183976368407990E-01   5.0000000000000000E+01   1.0945595536566433E-21   3.2887415826153175E-03   6.0364220760888390E-02   3.6078717033429771E-21   1.3396974180694611E-02   6.5131755627919583E+00   1.2978596017876297E+01   1.5752525435941100E+01
     760  8.6130750171822257E-01   1.4614134495998674E+00   4.2276702402080846E+04   5.0181259127591837E-01   5.0000000000000000E+01   8.1349595354165830E-22   3.2447996545432642E-03   6.0360869466901591E-02   3.9598926064437196E-21   1.3397572656986927E-02   6.5167722771961802E+00   1.2986466235122547E+01   1.5509902833000009E+01
     770  8.8055505454486338E-01   1.4068372711847188E+00   3.7714938308439683E+04   5.0178557424377590E-01   5.0000000000000000E+01   5.9852258665152211E-22   3.2088727180963287E-03   6.0358214494530167E-02   4.4710352329581860E-21   1.3398066875569535E-02   6.5196461981843035E+00   1.2992892838292253E+01   1.5280804550917694E+01
     780  9.0201839020404084E-01   1.3483783842157042E+00   3.3206044867546829E+04   5.0175704922236586E-01   5.0000000000000000E+01   4.2313865432805129E-22   3.1760570029234422E-03   6.0355993315826729E-02   5.2909519151769098E-21   1.3398496624482942E-02   6.5222082665369774E+00   1.2998737680735319E+01   1.5053719372806835E+01
     790  9.2385512616932242E-01   1.2913947983049625E+00   2.9171509553736418E+04   5.0172981256967475E-01   5.0000000000000000E+01   2.9483271038772185E-22   3.1485802647806091E-03   6.0354326902121898E-02   6.5019195534886023E-21   1.3398830665381034E-02   6.5242974568911194E+00   1.3003607298595792E+01   1.4854734775449620E+01
     800  9.4756926492074522E-01   1.2322363762560276E+00   2.5343341800105678E+04   5.0170222596626324E-01   5.0000000000000000E+01   1.9628816989068661E-22   3.1246406372718630E-03   6.0353016620425040E-02   8.2887297724598739E-21   1.3399102033742269E-02   6.5260584679995857E+00   1.3007832387413591E+01   1.4675657518721735E+01
     810  9.7200402889626658E-01   1.1741137278993699E+00   2.1923621866777077E+04   5.0167584817493471E-01   5.0000000000000000E+01   1.2609245566927958E-22   3.1054493296850979E-03   6.0352060280406912E-02   1.0254682183892311E-20   1.3399306316477424E-02   6.5274086901316091E+00   1.3011207754247879E+01   1.4530287639782658E+01
     820  9.9748811029683526E-01   1.1164137674930319E+00   1.8847656394129586E+04   5.0165040550520468E-01   5.0000000000000000E+01   7.7296363683343431E-23   3.0901620294569365E-03   6.0351366523338904E-02   1.1385202910482611E-20   1.3399458856436463E-02   6.5284221665914206E+00   1.3013887940102549E+01   1.4417890181667746E+01
     830  1.0245792914160046E+00   1.0581812719735202E+00   1.6049518882920522E+04   5.0162552013147022E-01   5.0000000000000000E+01   4.4783101368038952E-23   3.0780739872565913E-03   6.0350867103751378E-02   1.0927562497942757E-20   1.3399571761313879E-02   6.5291582709102309E+00   1.3016000990058997E+01   1.4336967249936611E+01
     840  1.0505137680579173E+00   1.0052829165444273E+00   1.3760895986479454E+04   5.0160365152625952E-01   5.0000000000000000E+01   2.6259683959852477E-23   3.0696779816697913E-03   6.0350547542902470E-02   9.7480714183911873E-21   1.3399646034412873E-02   6.5296080473281028E+00   1.3017465130526116E+01   1.4290512162675148E+01
     850  1.0695594501387684E+00   9.6812721480343555E-01   1.2290769982224176E+04   5.0158878778290517E-01   5.0000000000000000E+01   1.8401137667848029E-23   3.0660595482880776E-03   6.0350383395599907E-02   9.1057315402222993E-21   1.3399685279641331E-02   6.5297327447084896E+00   1.3018099486095617E+01   1.4272061116496339E+01
     860  1.0972740570750341E+00   9.1649887517262696E-01   1.0427437944860081E+04   5.0156888333068939E-01   5.0000000000000000E+01   1.0997925084068442E-23   3.0615145629215045E-03   6.0350221163207332E-02   8.4619892072663504E-21   1.3399725567268067E-02   6.5298703459740990E+00   1.3018890443066573E+01   1.4263594454967144E+01
     870  1.1233386737175619E+00   8.7045917490213598E-01   8.9336107729316318E+03   5.0155184667045494E-01   5.0000000000000000E+01   7.4781950777208758E-24   3.0583296827070335E-03   6.0350126168509377E-02   8.4057428918928863E-21   1.3399750613409981E-02   6.5299252483058812E+00   1.3019442132282151E+01   1.4270566876531205E+01
     880  1.1511929673166055E+00   8.2381170081393418E-01   7.5729601814018715E+03   5.0153529727588186E-01   5.0000000000000000E+01   5.6280839818246877E-24   3.0558135171410011E-03   6.0350065784894859E-02   8.8013289641306593E-21   1.3399768025190403E-02   6.5299273520750276E+00   1.3019875935556403E+01   1.4289163134090675E+01
     890  1.1822705031219107E+00   7.7471056551981066E-01   6.2979649872016607E+03   5.0151866628956476E-01   5.0000000000000000E+01   4.4905582344805915E-24   3.0538051544218470E-03   6.0350029987247547E-02   9.5930794475618712E-21   1.3399779963930700E-02   6.5298835946720546E+00   1.3020220441129572E+01   1.4318897000575394E+01
     900  1.2189847712246784E+00   7.2046077554622523E-01   5.0653893028512557E+03   5.0150124229573390E-01   5.0000000000000000E+01   3.4675002677247471E-24   3.0522376503393416E-03   6.0350011452103933E-02   1.0811963229401783E-20   1.3399787839516598E-02   6.5297909048261813E+00   1.3020487986618024E+01   1.4361422755613967E+01
     910  1.2601373199186892E+00   6.6415544614609345E-01   3.9681768568641951E+03   5.0148420729281051E-01   5.0000000000000000E+01   2.6065861404298091E-24   3.0511901536696604E-03   6.0350004573968913E-02   1.2602367149703580E-20   1.3399792215787720E-02   6.5296583709558096E+00   1.3020665998566029E+01   1.4414332830905501E+01
     920  1.2910328261191717E+00   6.2479505383844203E-01   3.3036539793006659E+03   5.0147290608652917E-01   5.0000000000000000E+01   2.2110108303709917E-24   3.0507105747484605E-03   6.0350003181734072E-02   1.4391094938857960E-20   1.3399793876964319E-02   6.5295519722337820E+00   1.3020747260205338E+01   1.4456057503775243E+01
     930  1.3260685725593306E+00   5.8297497216330207E-01   2.6836849841172084E+03   5.0146147130821894E-01   5.0000000000000000E+01   1.9419507787038767E-24   3.0503579256602647E-03   6.0350003057225599E-02   1.6996293210582105E-20   1.3399794855811296E-02   6.5294329917954288E+00   1.3020806903710936E+01   1.4504615467781599E+01
     940  1.3683092805928510E+00   5.3625928896077102E-01   2.0888453569891981E+03   5.0144939086208207E-01   5.0000000000000000E+01   1.7337854995609951E-24   3.0500860336857912E-03   6.0350003523492325E-02   2.1057105346198959E-20   1.3399795383663985E-02   6.5292987254908219E+00   1.3020852832277939E+01   1.4564371403215654E+01
     950  1.4142711724148513E+00   4.8967068168815236E-01   1.5903551196196408E+03   5.0143805134671371E-01   5.0000000000000000E+01   1.5367343203788156E-24   3.0499129550629663E-03   6.0350004045601528E-02   2.6696586799933558E-20   1.3399795600420452E-02   6.5291657268471361E+00   1.3020882051275487E+01   1.4630561004752131E+01
     960  1.4695120483361279E+00   4.3900033984129733E-01   1.1459782483959316E+03   5.0142651912068370E-01   5.0000000000000000E+01   1.1606232260995510E-24   3.0498194170103543E-03   6.0350004419666793E-02   3.4830446989036415E-20   1.3399795679695346E-02   6.5290234805627847E+00   1.3020897833190419E+01   1.4711497809173039E+01
     970  1.5263102448003620E+00   3.9236316541723204E-01   8.1817554390512885E+02   5.0141661861992437E-01   5.0000000000000000E+01   6.0878199191291999E-25   3.0497885315676986E-03   6.0350004587065312E-02   4.3652122984969437E-20   1.3399795699101899E-02   6.5288971769095578E+00   1.3020903037955581E+01   1.4796138311512138E+01
     980  1.5830662136182663E+00   3.5070977165016365E-01   5.8428589842271424E+02   5.0140835692028429E-01   5.0000000000000000E+01   2.1193996485953307E-25   3.0497830267769842E-03   6.0350004654399055E-02   5.2057716768651873E-20   1.3399795703066519E-02   6.5287900640247676E+00   1.3020903959171212E+01   1.4882028272740483E+01
     990  1.6489679634516157E+00   3.0786007782651115E-01   3.9522274445473141E+02   5.0140043518351807E-01   5.0000000000000000E+01   4.2540398092960002E-26   3.0497862720395190E-03   6.0350004686038766E-02   6.0534433774947108E-20   1.3399795703792539E-02   6.5286866372218633E+00   1.3020903403469235E+01   1.4983252056055878E+01
    1000  1.7286046044838768E+00   2.6300485223866726E-01   2.4641837427183529E+02   5.0139274303259040E-01   5.0000000000000000E+01   4.5881579371411250E-27   3.0497924235997954E-03   6.0350004700557285E-02   6.8050565431436300E-20   1.3399795703871030E-02   6.5285859542943614E+00   1.3020902358034798E+01   1.5107486750266387E+01
    1010  1.8082412426306971E+00   2.2468503608555637E-01   1.5363998421175080E+02   5.0138661937936035E-01   5.0000000000000000E+01   4.1100516027413665E-28   3.0497975352753040E-03   6.0350004706970495E-02   7.2650258328307997E-20   1.3399795703874765E-02   6.5285057837296625E+00   1.3020901490293525E+01   1.5233565248679330E+01
    1020  1.8926135678221632E+00   1.9015934330071727E-01   9.3139695098027516E+01   5.0138142831865251E-01   5.0000000000000000E+01   2.6896727999686937E-29   3.0498014244688637E-03   6.0350004711493474E-02   7.5273600625197711E-20   1.3399795703874869E-02   6.5284378604496602E+00   1.3020900830137730E+01   1.5368887355600089E+01
    1030  1.9790154732423029E+00   1.6029436087838503E-01   5.5787453496597465E+01   5.0137715337378630E-01   5.0000000000000000E+01   1.3913509773277213E-30   3.0498041656496664E-03   6.0350004715329801E-02   7.6584168562485997E-20   1.3399795703874865E-02   6.5283819634751428E+00   1.3020900364736944E+01   1.5509069930511616E+01
    1040  2.0654202353023630E+00   1.3511898255732860E-01   3.3414187414819516E+01   5.0137366955831220E-01   5.0000000000000000E+01   2.4919030622469761E-27   3.0498060467225394E-03   6.0350004718685853E-02   7.7190879281506945E-20   1.3399795703874871E-02   6.5283364408753988E+00   1.3020900045243625E+01   1.5650648208438373E+01
    1050  2.1518269017890388E+00   1.1389714893706797E-01   2.0013376432362374E+01   5.0137078293914494E-01   5.0000000000000000E+01   3.2201732780762850E-28   3.0498073475742730E-03   6.0350004721652535E-02   7.7462213986770971E-20   1.3399795703874869E-02   6.5282987436655233E+00   1.3020899824189261E+01   1.5793416628054581E+01
    1060  2.2382350671487119E+00   9.6008139209361909E-02   1.1986874613328791E+01   5.0136835029718196E-01   5.0000000000000000E+01   3.4780377740707813E-29   3.0498082541102305E-03   6.0350004724279878E-02   7.7580673471042399E-20   1.3399795703874876E-02   6.5282669911957596E+00   1.3020899670046221E+01   1.5937198431722823E+01
    1070  2.3168831160943792E+00   8.2180241374437205E-02   7.5176835866354423E+00   5.0136644031959243E-01   5.0000000000000000E+01   3.7935455780632939E-30   3.0498088416814301E-03   6.0350004726409910E-02   7.7628321479644571E-20   1.3399795703874874E-02   6.5282420714424649E+00   1.3020899570066030E+01   1.6068818205248430E+01
    1080  2.3209144528864605E+00   8.1527742819526308E-02   7.3400338188192018E+00   5.0136634777464772E-01   5.0000000000000000E+01   3.3675166438235077E-30   3.0498088674542532E-03   6.0350004726513438E-02   7.7629961524803945E-20   1.3399795703874872E-02   6.5282408642244487E+00   1.3020899565678855E+01   1.6075582055124936E+01
    1090  2.3234532043426728E+00   8.1119490309037104E-02   7.2303187691639437E+00   5.0136628839833697E-01   5.0000000000000000E+01   3.1232047787320978E-30   3.0498088834727674E-03   6.0350004726578359E-02   7.7630961537107128E-20   1.3399795703874862E-02   6.5282400897243287E+00   1.3020899562952012E+01   1.6079842425590726E+01
    1100  2.3257429598954200E+00   8.0753032125832583E-02   7.1327716375933168E+00   5.0136623152525350E-01   5.0000000000000000E+01   2.9175173569786801E-30   3.0498088977782439E-03   6.0350004726636756E-02   7.7631841848987394E-20   1.3399795703874876E-02   6.5282393479646377E+00   1.3020899560516712E+01   1.6083685455716829E+01
    1110  2.3280081607182113E+00   8.0392132713778902E-02   7.0375655919470921E+00   5.0136616588004101E-01   5.0000000000000000E+01   2.7268629995140974E-30   3.0498089117985236E-03   6.0350004726694377E-02   7.7632692909834168E-20   1.3399795703874865E-02   6.5282384920082395E+00   1.3020899558129873E+01   1.6087487689917346E+01
    1120  2.3304286534221181E+00   8.0008274069552604E-02   6.9372366682357560E+00   5.0136607047648551E-01   5.0000000000000000E+01   2.5363690531320749E-30   3.0498089266359834E-03   6.0350004726755668E-02   7.7633580947154681E-20   1.3399795703874872E-02   6.5282372485016840E+00   1.3020899555603894E+01   1.6091550907422533E+01
    1130  2.3329220781701285E+00   7.9614765790417125E-02   6.8353801147600270E+00   5.0136593800938067E-01   5.0000000000000000E+01   2.3535191875623841E-30   3.0498089417666167E-03   6.0350004726818604E-02   7.7634473202775370E-20   1.3399795703874872E-02   6.5282355223693118E+00   1.3020899553027922E+01   1.6095736833457693E+01
    1140  2.3341275067836489E+00   7.9425221575419813E-02   6.7866759081292276E+00   5.0136587897168716E-01   5.0000000000000000E+01   2.2697237052577284E-30   3.0498089490280426E-03   6.0350004726848955E-02   7.7634896828355519E-20   1.3399795703874881E-02   6.5282347530256040E+00   1.3020899551791642E+01   1.6097760748190868E+01
    1150  2.3348812348449761E+00   7.9306933102159027E-02   6.7563987298272714E+00   5.0136585053687666E-01   5.0000000000000000E+01   2.2187904140573699E-30   3.0498089535506766E-03   6.0350004726867829E-02   7.7635159158366540E-20   1.3399795703874879E-02   6.5282343823927453E+00   1.3020899551021648E+01   1.6099026404722718E+01
    1160  2.3354366285798496E+00   7.9219883541745847E-02   6.7341750909234523E+00   5.0136583381662270E-01   5.0000000000000000E+01   2.1819630276264568E-30   3.0498089568744315E-03   6.0350004726881755E-02   7.7635351200724090E-20   1.3399795703874878E-02   6.5282341643962969E+00   1.3020899550455789E+01   1.6099959092106396E+01
    1170  2.3358843525959196E+00   7.9149779143636412E-02   6.7163129979624143E+00   5.0136582218838444E-01   5.0000000000000000E+01   2.1527026518770169E-30   3.0498089595483811E-03   6.0350004726892982E-02   7.7635505236616919E-20   1.3399795703874881E-02   6.5282340127579159E+00   1.3020899550000516E+01   1.6100711004996423E+01
    1180  2.3362740746229740E+00   7.9088807172337058E-02   6.7008034866028447E+00   5.0136581286302961E-01   5.0000000000000000E+01   2.1275397027375724E-30   3.0498089618719625E-03   6.0350004726902766E-02   7.7635638753268078E-20   1.3399795703874885E-02   6.5282338911350601E+00   1.3020899549604916E+01   1.6101365531402823E+01
    1190  2.3366527571521409E+00   7.9029607321760523E-02   6.6857676152542105E+00   5.0136580416604337E-01   5.0000000000000000E+01   2.1033600244238116E-30   3.0498089641261697E-03   6.0350004726912258E-02   7.7635767984082006E-20   1.3399795703874883E-02   6.5282337777000494E+00   1.3020899549221106E+01   1.6102001534430922E+01
    1200  2.3396575119895844E+00   7.8561438794532382E-02   6.5676513686683462E+00   5.0136573706839571E-01   5.0000000000000000E+01   1.9206291004455756E-30   3.0498089818571405E-03   6.0350004726987400E-02   7.7636771486545660E-20   1.3399795703874886E-02   6.5282329025147385E+00   1.3020899546202193E+01   1.6107048564983387E+01
    1210  2.3520055370078130E+00   7.6666441635680843E-02   6.1037638789241679E+00   5.0136546292688033E-01   5.0000000000000000E+01   1.3173551574082704E-30   3.0498090521182681E-03   6.0350004727292191E-02   7.7640537630251224E-20   1.3399795703874885E-02   6.5282293269472635E+00   1.3020899534238190E+01   1.6127798227661017E+01
    1220  2.3542071288720603E+00   7.6333406513914723E-02   6.0245655915181526E+00   5.0136541331917595E-01   5.0000000000000000E+01   1.2309640781148750E-30   3.0498090643594714E-03   6.0350004727346071E-02   7.7641171338413832E-20   1.3399795703874890E-02   6.5282286799652001E+00   1.3020899532153624E+01   1.6131499270751839E+01
    1230  2.3552356603513322E+00   7.6178316591998474E-02   5.9879190283616230E+00   5.0136539040947592E-01   5.0000000000000000E+01   1.1924931738061726E-30   3.0498090700422143E-03   6.0350004727371266E-02   7.7641462758546237E-20   1.3399795703874893E-02   6.5282283811751025E+00   1.3020899531185879E+01   1.6133228465424114E+01
    1240  2.3559230128997917E+00   7.6074847957081859E-02   5.9635530131506851E+00   5.0136537528676384E-01   5.0000000000000000E+01   1.1674297482078356E-30   3.0498090738268801E-03   6.0350004727388128E-02   7.7641655848204473E-20   1.3399795703874891E-02   6.5282281839406497E+00   1.3020899530541371E+01   1.6134384116735088E+01
    1250  2.3790659763049713E+00   7.2671913264120314E-02   5.1985423668554001E+00   5.0136488405097357E-01   5.0000000000000000E+01   5.6485171307715608E-31   3.0498091938170597E-03   6.0350004727941227E-02   7.7647249211589710E-20   1.3399795703874886E-02   6.5282217773621953E+00   1.3020899510104007E+01   1.6173319627429798E+01
    1260  2.4654848066122255E+00   6.1256564307806849E-02   3.1134343303405547E+00   5.0136319149211517E-01   5.0000000000000000E+01   3.0646300334933245E-32   3.0498095537898960E-03   6.0350004729852059E-02   7.7659306173224937E-20   1.3399795703874888E-02   6.5281997079621581E+00   1.3020899448748855E+01   1.6319110064052275E+01
    1270  2.4756638668853017E+00   6.0035918063423621E-02   2.9309963239808199E+00   5.0136300546322521E-01   5.0000000000000000E+01   1.9349939385442347E-32   3.0498095891396213E-03   6.0350004730063397E-02   7.7660167742777212E-20   1.3399795703874890E-02   6.5281972826758912E+00   1.3020899442719703E+01   1.6336320856043706E+01
    1280  2.4991760833572236E+00   5.7308567603855505E-02   2.5494145850193775E+00   5.0136258595181382E-01   5.0000000000000000E+01   3.3550296219835449E-40   3.0498096653092488E-03   6.0350004730539794E-02   7.7661824655861782E-20   1.3399795703874885E-02   6.5281918137448551E+00   1.3020899429724844E+01   1.6376104100187877E+01
    1290  2.5440643765257569E+00   5.2440980447367044E-02   1.9534136285911288E+00   5.0136181956369497E-01   5.0000000000000000E+01   3.2529936852439364E-41   3.0498097917911618E-03   6.0350004731405324E-02   7.7664007056472794E-20   1.3399795703874888E-02   6.5281818238573450E+00   1.3020899408133891E+01   1.6452161980240884E+01
    1300  2.6285151354388119E+00   4.4375878676628157E-02   1.1836483626234142E+00   5.0136048357221397E-01   5.0000000000000000E+01   4.6011952890227860E-43   3.0498099757759601E-03   6.0350004732889907E-02   7.7666047673676038E-20   1.3399795703874900E-02   6.5281644122812628E+00   1.3020899376688671E+01   1.6595595200013722E+01
    1310  2.7149437717543052E+00   3.7404562991261332E-02   7.0885198600942512E-01   5.0135923189320186E-01   5.0000000000000000E+01   7.9575960366645877E-44   3.0498101109623630E-03   6.0350004734238447E-02   7.7666853800917828E-20   1.3399795703874902E-02   6.5281481026889869E+00   1.3020899353540011E+01   1.6742789747413688E+01
    1320  2.8013743562807556E+00   3.1528298355641880E-02   4.2450557686170648E-01   5.0135807492464768E-01   5.0000000000000000E+01   4.0374699679836857E-44   3.0498102079423999E-03   6.0350004735434060E-02   7.7667152510583501E-20   1.3399795703874876E-02   6.5281330295727411E+00   1.3020899336894951E+01   1.6890331990586379E+01
    1330  2.8878081359261181E+00   2.6575028216361679E-02   2.5421607439629496E-01   5.0135699551836599E-01   5.0000000000000000E+01   2.0132319561015303E-44   3.0498102776927291E-03   6.0350004736494232E-02   7.7667259725265301E-20   1.3399795703874886E-02   6.5281189687131551E+00   1.3020899324889450E+01   1.7038170753101920E+01
    1340  2.9742419155714801E+00   2.2399944225789215E-02   1.5223784092362239E-01   5.0135598041902996E-01   5.0000000000000000E+01   9.5942424906894497E-45   3.0498103279750894E-03   6.0350004737434473E-02   7.7667296917317407E-20   1.3399795703874897E-02   6.5281057468528783E+00   1.3020899316204984E+01   1.7186255394716746E+01
    1350  3.0606756952168430E+00   1.8880789033726985E-02   9.1167957274631312E-02   5.0135501922028092E-01   5.0000000000000000E+01   4.3569577753214475E-45   3.0498103643040462E-03   6.0350004738268424E-02   7.7667309358528255E-20   1.3399795703874888E-02   6.5280932280218256E+00   1.3020899309904239E+01   1.7334547657923583E+01
    1360  3.1471094748622064E+00   1.5914512596226990E-02   5.4596126581950948E-02   5.0135410370668576E-01   5.0000000000000000E+01   1.8800309081585278E-45   3.0498103906086466E-03   6.0350004739008284E-02   7.7667313362040550E-20   1.3399795703874890E-02   6.5280813049126616E+00   1.3020899305319025E+01   1.7483015178355309E+01
    1370  3.2335432545075684E+00   1.3414254601491817E-02   3.2695007400169764E-02   5.0135322733177656E-01   5.0000000000000000E+01   7.6848838314645766E-46   3.0498104096963645E-03   6.0350004739664773E-02   7.7667314598216138E-20   1.3399795703874886E-02   6.5280698920449236E+00   1.3020899301971520E+01   1.7631630593113702E+01
    1380  3.3199770341529322E+00   1.1306800973364676E-02   1.9579475245237184E-02   5.0135238482861111E-01   5.0000000000000000E+01   2.9662587633421212E-46   3.0498104235782606E-03   6.0350004740247397E-02   7.7667314963487879E-20   1.3399795703874895E-02   6.5280589206665320E+00   1.3020899299519142E+01   1.7780370779265812E+01
    1390  3.4124116451238256E+00   1.0000000000000000E-02   1.1315158494988176E-02   5.0135142389492671E-01   5.0000000000000000E+01   1.4408452787198425E-46   3.0498104342666743E-03   6.0350004740795597E-02   7.7667315073383873E-20   1.3399795703874893E-02   6.5280464074906703E+00   1.3020899297614063E+01   1.7884552561967773E+01
    1400  3.5155409959727630E+00   1.0000000000000000E-02   6.1371571989429956E-03   5.0135008161099404E-01   5.0000000000000000E+01   1.4409440913743332E-46   3.0498104426350146E-03   6.0350004741296870E-02   7.7667315129331681E-20   1.3399795703874886E-02   6.5280289289928142E+00   1.3020899296110256E+01   1.7884552561967773E+01
    1410  3.6537511357537551E+00   1.0000000000000000E-02   2.7033034125311483E-03   5.0134833723447791E-01   5.0000000000000000E+01   1.4411239482333513E-46   3.0498104499064086E-03   6.0350004741809786E-02   7.7667315166061054E-20   1.3399795703874883E-02   6.5280062149801834E+00   1.3020899294790494E+01   1.7884552561967773E+01
    1420  3.7919612755347476E+00   1.0000000000000000E-02   1.1907547913977477E-03   5.0134664449513389E-01   5.0000000000000000E+01   1.4413358322313817E-46   3.0498104543562007E-03   6.0350004742188074E-02   7.7667315182237867E-20   1.3399795703874902E-02   6.5279841735812418E+00   1.3020899293971905E+01   1.7884552561967773E+01
    1430  3.9301714153157437E+00   1.0000000000000000E-02   5.2450530216623461E-04   5.0134499547607414E-01   5.0000000000000000E+01   1.4415629278650754E-46   3.0498104570913149E-03   6.0350004742467968E-02   7.7667315189362857E-20   1.3399795703874893E-02   6.5279627016138475E+00   1.3020899293460740E+01   1.7884552561967773E+01
    1440  4.1305611006363829E+00   1.0000000000000000E-02   1.5976568748549477E-04   5.0134267166936708E-01   5.0000000000000000E+01   1.4418949915431135E-46   3.0498104592958128E-03   6.0350004742749729E-02   7.7667315193188921E-20   1.3399795703874897E-02   6.5279324433493819E+00   1.3020899293039191E+01   1.7884552561967773E+01
    1450  4.3931303314966641E+00   1.0000000000000000E-02   3.3652956722362671E-05   5.0133972504247615E-01   5.0000000000000000E+01   1.4422878535281176E-46   3.0498104606378868E-03   6.0350004742979288E-02   7.7667315194487720E-20   1.3399795703874893E-02   6.5278940754837738E+00   1.3020899292772748E+01   1.7884552561967773E+01
    1460  4.6556995623569453E+00   1.0000000000000000E-02   7.0886403331130618E-06   5.0133686910336028E-01   5.0000000000000000E+01   1.4425398615706555E-46   3.0498104612188383E-03   6.0350004743116976E-02   7.7667315194761275E-20   1.3399795703874895E-02   6.5278568885270492E+00   1.3020899292650892E+01   1.7884552561967773E+01
    1470  4.9182687932172264E+00   1.0000000000000000E-02   1.4931473090697647E-06   5.0133408816014535E-01   5.0000000000000000E+01   1.4425489479337052E-46   3.0498104614866909E-03   6.0350004743202935E-02   7.7667315194818908E-20   1.3399795703874893E-02   6.5278206781154058E+00   1.3020899292590910E+01   1.7884552561967773E+01
    1480  5.3267408373212675E+00   1.0000000000000000E-02   1.3235830221877501E-07   5.0132988609559448E-01   5.0000000000000000E+01   1.4421351177730777E-46   3.0498104616706648E-03   6.0350004743282344E-02   7.7667315194832353E-20   1.3399795703874895E-02   6.5277659634336542E+00   1.3020899292546273E+01   1.7884552561967773E+01
    1490  5.7351151563086793E+00   1.0000000000000000E-02   1.1739551084575296E-08   5.0132580475296407E-01   5.0000000000000000E+01   1.4415147138143391E-46   3.0498104617628246E-03   6.0350004743330452E-02   7.7667315194833545E-20   1.3399795703874893E-02   6.5277128206703265E+00   1.3020899292522488E+01   1.7884552561967773E+01
    1500  6.2045272155083975E+00   1.0000000000000000E-02   7.2493576069761199E-10   5.0132123231031822E-01   5.0000000000000000E+01   1.4407541087028351E-46   3.0498104618361349E-03   6.0350004743367963E-02   7.7667315194833653E-20   1.3399795703874891E-02   6.5276532833456509E+00   1.3020899292503680E+01   1.7884552561967773E+01
    1510  6.8159647811441548E+00   1.0000000000000000E-02   1.9277269876317035E-11   5.0131542699604148E-01   5.0000000000000000E+01   1.4397557118763862E-46   3.0498104619171057E-03   6.0350004743403275E-02   7.7667315194833665E-20   1.3399795703874891E-02   6.5275776929231650E+00   1.3020899292483978E+01   1.7884552561967773E+01
    1520  7.4268993304490385E+00   1.0000000000000000E-02   5.1414717994511902E-13   5.0130975810042688E-01   5.0000000000000000E+01   1.4387582580456047E-46   3.0498104619931291E-03   6.0350004743430233E-02   7.7667315194833665E-20   1.3399795703874886E-02   6.5275038787954642E+00   1.3020899292466504E+01   1.7884552561967773E+01
    1530  8.0375462423901567E+00   1.0000000000000000E-02   1.3736321037830123E-14   5.0130419518893155E-01   5.0000000000000000E+01   1.4377619436137362E-46   3.0498104620670487E-03   6.0350004743451729E-02   7.7667315194833665E-20   1.3399795703874888E-02   6.5274314446769663E+00   1.3020899292450359E+01   1.7884552561967773E+01
    1540  8.8088388461405351E+00   1.0000000000000000E-02   1.4150766593359046E-16   5.0129728638741289E-01   5.0000000000000000E+01   1.4365045209879506E-46   3.0498104621584188E-03   6.0350004743473087E-02   7.7667315194833665E-20   1.3399795703874891E-02   6.5273414858585079E+00   1.3020899292431222E+01   1.7884552561967773E+01
    1550  9.7333177061740166E+00   1.0000000000000000E-02   5.8753520952260545E-19   5.0128914001427261E-01   5.0000000000000000E+01   1.4349988243095580E-46   3.0498104622654404E-03   6.0350004743492343E-02   7.7667315194833665E-20   1.3399795703874890E-02   6.5272354127434520E+00   1.3020899292409821E+01   1.7884552561967773E+01
    1560  1.0715792986610536E+01   1.0000000000000000E-02   1.7293024180881464E-21   5.0128060714748424E-01   5.0000000000000000E+01   1.4334004032767007E-46   3.0498104623764245E-03   6.0350004743507255E-02   7.7667315194833665E-20   1.3399795703874897E-02   6.5271243071335574E+00   1.3020899292388489E+01   1.7884552561967773E+01
    1570  1.1769248774801339E+01   1.0000000000000000E-02   3.3407198598908526E-24   5.0127157130279409E-01   5.0000000000000000E+01   1.4316884877099235E-46   3.0498104624924276E-03   6.0350004743518634E-02   7.7667315194833665E-20   1.3399795703874891E-02   6.5270066522989172E+00   1.3020899292366874E+01   1.7884552561967773E+01
    1580  1.2988325756473541E+01   1.0000000000000000E-02   2.4161132379128513E-27   5.0126123501777520E-01   5.0000000000000000E+01   1.4297099989893735E-46   3.0498104626229456E-03   6.0350004743527655E-02   7.7667315194833665E-20   1.3399795703874888E-02   6.5268720645606866E+00   1.3020899292343232E+01   1.7884552561967773E+01
    1590  1.4207402738145744E+01   1.0000000000000000E-02   1.7474087691412855E-30   5.0125100738116146E-01   5.0000000000000000E+01   1.4277342443954517E-46   3.0498104627496611E-03   6.0350004743533671E-02   7.7667315194833665E-20   1.3399795703874885E-02   6.5267388915229798E+00   1.3020899292320733E+01   1.7884552561967773E+01
    1600  1.5619800741946575E+01   1.0000000000000000E-02   4.0143612245274070E-34   5.0123927805301993E-01   5.0000000000000000E+01   1.4254486190488409E-46   3.0498104628918651E-03   6.0350004743538188E-02   7.7667315194833665E-20   1.3399795703874888E-02   6.5265861651099044E+00   1.3020899292295825E+01   1.7884552561967773E+01
    1610  1.7322180278940348E+01   1.0000000000000000E-02   1.6510318665615653E-38   5.0122529537521177E-01   5.0000000000000000E+01   1.4226986300058494E-46   3.0498104630569743E-03   6.0350004743541436E-02   7.7667315194833653E-20   1.3399795703874888E-02   6.5264040980559122E+00   1.3020899292267311E+01   1.7884552561967773E+01
    1620  1.9024559815934122E+01   1.0000000000000000E-02   6.7903859965234558E-43   5.0121146847913689E-01   5.0000000000000000E+01   1.4199539462678940E-46   3.0498104632155497E-03   6.0350004743543288E-02   7.7667315194833677E-20   1.3399795703874891E-02   6.5262240594208416E+00   1.3020899292240101E+01   1.7884552561967773E+01
    1630  2.1133158958613464E+01   1.0000000000000000E-02   2.5089094368937452E-48   5.0119454862969903E-01   5.0000000000000000E+01   1.4165617514016306E-46   3.0498104634032307E-03   6.0350004743544509E-02   7.7667315194833677E-20   1.3399795703874888E-02   6.5260037477490762E+00   1.3020899292208076E+01   1.7884552561967773E+01
    1640  2.3341983781364050E+01   1.0000000000000000E-02   5.1152030267855732E-54   5.0117705733214890E-01   5.0000000000000000E+01   1.4130170257140368E-46   3.0498104635900661E-03   6.0350004743545134E-02   7.7667315194833677E-20   1.3399795703874898E-02   6.5257759953091101E+00   1.3020899292176292E+01   1.7884552561967773E+01
    1650  2.5550044119879495E+01   1.0000000000000000E-02   1.0476357661401444E-59   5.0115980206665844E-01   5.0000000000000000E+01   1.4094823922423228E-46   3.0498104637673774E-03   6.0350004743545446E-02   7.7667315194833677E-20   1.3399795703874885E-02   6.5255513162196630E+00   1.3020899292146188E+01   1.7884552561967773E+01
    1660  2.7858691068918020E+01   1.0000000000000000E-02   1.1814497540067278E-65   5.0114200091200301E-01   5.0000000000000000E+01   1.4057962251634336E-46   3.0498104639431513E-03   6.0350004743545592E-02   7.7667315194833665E-20   1.3399795703874890E-02   6.5253195291625126E+00   1.3020899292116360E+01   1.7884552561967773E+01
    1670  3.1075886513212332E+01   1.0000000000000000E-02   6.0801699325679824E-74   5.0111759806936451E-01   5.0000000000000000E+01   1.4006757220971280E-46   3.0498104641725047E-03   6.0350004743545668E-02   7.7667315194833665E-20   1.3399795703874881E-02   6.5250017821863775E+00   1.3020899292077459E+01   1.7884552561967773E+01
    1680  3.5189001765021878E+01   1.0000000000000000E-02   1.5390301975906343E-84   5.0108706283129067E-01   5.0000000000000000E+01   1.3941567797045298E-46   3.0498104644413188E-03   6.0350004743545724E-02   7.7667315194833665E-20   1.3399795703874879E-02   6.5246041859034500E+00   1.3020899292031865E+01   1.7884552561967773E+01
    1690  3.9805608674102423E+01   1.0000000000000000E-02   1.9652912395152925E-96   5.0105364034376620E-01   5.0000000000000000E+01   1.3868761567824356E-46   3.0498104647136105E-03   6.0350004743545752E-02   7.7667315194833665E-20   1.3399795703874893E-02   6.5241689950358976E+00   1.3020899291985707E+01   1.7884552561967773E+01
    1700  4.5108958023799445E+01   1.0000000000000000E-02   1.0000000000000000E-99   5.0101631847168571E-01   5.0000000000000000E+01   1.3785597604108653E-46   3.0498104649919469E-03   6.0350004743545752E-02   7.7667315194833665E-20   1.3399795703874895E-02   6.5236830306741860E+00   1.3020899291938514E+01   1.7884552561967773E+01
    1710  5.0823478372821192E+01   1.0000000000000000E-02   1.0000000000000000E-99   5.0097733148850776E-01   5.0000000000000000E+01   1.3696545907556060E-46   3.0498104652555455E-03   6.0350004743545758E-02   7.7667315194833665E-20   1.3399795703874898E-02   6.5231753850698011E+00   1.3020899291893798E+01   1.7884552561967773E+01
    1720  6.5661651395425480E+01   1.0000000000000000E-02   1.0000000000000000E-99   5.0088190852533376E-01   5.0000000000000000E+01   1.3468119502124772E-46   3.0498104657912042E-03   6.0350004743545765E-02   7.7667315194833665E-20   1.3399795703874891E-02   6.5219328922298798E+00   1.3020899291802971E+01   1.7884552561967773E+01
    1730  8.1964176333619747E+01   1.0000000000000000E-02   1.0000000000000000E-99   5.0078552582304436E-01   5.0000000000000000E+01   1.3221550412062244E-46   3.0498104662022942E-03   6.0350004743545765E-02   7.7667315194833665E-20   1.3399795703874902E-02   6.5206779027341826E+00   1.3020899291733295E+01   1.7884552561967773E+01
    1740  1.1151069162230539E+02   1.0000000000000000E-02   1.0000000000000000E-99   5.0063108120214050E-01   5.0000000000000000E+01   1.2786538443090046E-46   3.0498104666419066E-03   6.0350004743545772E-02   7.7667315194833665E-20   1.3399795703874900E-02   6.5186668948406279E+00   1.3020899291658768E+01   1.7884552561967773E+01
    1750  1.5104069227384355E+02   1.0000000000000000E-02   1.0000000000000000E-99   5.0045725846158451E-01   5.0000000000000000E+01   1.2227022932409996E-46   3.0498104669148931E-03   6.0350004743545772E-02   7.7667315194833665E-20   1.3399795703874905E-02   6.5164035664166136E+00   1.3020899291612480E+01   1.7884552561967773E+01
    1760  1.9461014553675494E+02   1.0000000000000000E-02   1.0000000000000000E-99   5.0029999561074479E-01   5.0000000000000000E+01   1.1638787545375673E-46   3.0498104670344259E-03   6.0350004743545765E-02   7.7667315194833653E-20   1.3399795703874904E-02   6.5143558626620530E+00   1.3020899291592215E+01   1.7884552561967773E+01
    1770  2.3918946195250965E+02   1.0000000000000000E-02   1.0000000000000000E-99   5.0016792491843243E-01   5.0000000000000000E+01   1.1066226972005560E-46   3.0498104670805370E-03   6.0350004743545758E-02   7.7667315194833665E-20   1.3399795703874891E-02   6.5126361834730551E+00   1.3020899291584396E+01   1.7884552561967773E+01
    1780  2.8420156639127464E+02   1.0000000000000000E-02   1.0000000000000000E-99   5.0005755870937507E-01   5.0000000000000000E+01   1.0516694963980502E-46   3.0498104670978626E-03   6.0350004743545758E-02   7.7667315194833665E-20   1.3399795703874886E-02   6.5111991161773224E+00   1.3020899291581459E+01   1.7884552561967773E+01
    1790  3.3094482292208124E+02   1.0000000000000000E-02   1.0000000000000000E-99   4.9996202044229687E-01   5.0000000000000000E+01   9.9749439869954308E-47   3.0498104671044337E-03   6.0350004743545758E-02   7.7667315194833665E-20   1.3399795703874902E-02   6.5099551220218377E+00   1.3020899291580349E+01   1.7884552561967773E+01
    1800  3.7768807945288791E+02   1.0000000000000000E-02   1.0000000000000000E-99   4.9988164942350660E-01   5.0000000000000000E+01   9.4611004583170309E-47   3.0498104671067942E-03   6.0350004743545758E-02   7.7667315194833665E-20   1.3399795703874898E-02   6.5089086190793362E+00   1.3020899291579957E+01   1.7884552561967773E+01
    1810  4.2443133598369451E+02   1.0000000000000000E-02   1.0000000000000000E-99   4.9981318760477716E-01   5.0000000000000000E+01   8.9737267697007806E-47   3.0498104671076447E-03   6.0350004743545758E-02   7.7667315194833665E-20   1.3399795703874904E-02   6.5080171846316865E+00   1.3020899291579804E+01   1.7884552561967773E+01
    1820  4.7117459251450117E+02   1.0000000000000000E-02   1.0000000000000000E-99   4.9975413789257311E-01   5.0000000000000000E+01   8.5114593690266059E-47   3.0498104671079509E-03   6.0350004743545758E-02   7.7667315194833665E-20   1.3399795703874891E-02   6.5072483042753539E+00   1.3020899291579745E+01   1.7884552561967773E+01
    1830  5.1791784904530778E+02   1.0000000000000000E-02   1.0000000000000000E-99   4.9970257391455186E-01   5.0000000000000000E+01   8.0730049454142654E-47   3.0498104671080628E-03   6.0350004743545752E-02   7.7667315194833665E-20   1.3399795703874888E-02   6.5065768949100207E+00   1.3020899291579724E+01   1.7884552561967773E+01
    1840  5.6466110557611478E+02   1.0000000000000000E-02   1.0000000000000000E-99   4.9965700118720635E-01   5.0000000000000000E+01   7.6571368108565104E-47   3.0498104671081031E-03   6.0350004743545752E-02   7.7667315194833665E-20   1.3399795703874890E-02   6.5059834970164321E+00   1.3020899291579726E+01   1.7884552561967773E+01
    1850  6.3398268654237518E+02   1.0000000000000000E-02   1.0000000000000000E-99   4.9959818729535388E-01   5.0000000000000000E+01   7.0804423155125349E-47   3.0498104671081191E-03   6.0350004743545758E-02   7.7667315194833665E-20   1.3399795703874902E-02   6.5052176872531655E+00   1.3020899291579717E+01   1.7884552561967773E+01
    1860  7.2588259194408897E+02   1.0000000000000000E-02   1.0000000000000000E-99   4.9953190032773487E-01   5.0000000000000000E+01   6.3828871344501523E-47   3.0498104671081235E-03   6.0350004743545752E-02   7.7667315194833665E-20   1.3399795703874878E-02   6.5043545713228941E+00   1.3020899291579706E+01   1.7884552561967773E+01
    1870  8.1778249734580277E+02   1.0000000000000000E-02   1.0000000000000000E-99   4.9947493206523591E-01   5.0000000000000000E+01   5.7540541050478303E-47   3.0498104671081235E-03   6.0350004743545758E-02   7.7667315194833665E-20   1.3399795703874898E-02   6.5036127933136090E+00   1.3020899291579735E+01   1.7884552561967773E+01
    1880  9.0968240274751656E+02   1.0000000000000000E-02   1.0000000000000000E-99   4.9942453843397733E-01   5.0000000000000000E+01   5.1871728179429808E-47   3.0498104671081235E-03   6.0350004743545758E-02   7.7667315194833665E-20   1.3399795703874888E-02   6.5029566229156215E+00   1.3020899291579735E+01   1.7884552561967773E+01
    1890  1.0015823081492304E+03   1.0000000000000000E-02   1.0000000000000000E-99   4.9937894872589600E-01   5.0000000000000000E+01   4.6761398749452445E-47   3.0498104671081235E-03   6.0350004743545758E-02   7.7667315194833665E-20   1.3399795703874897E-02   6.5023630039175702E+00   1.3020899291579715E+01   1.7884552561967773E+01
    1900  1.0934822135509439E+03   1.0000000000000000E-02   1.0000000000000000E-99   4.9933700567884148E-01   5.0000000000000000E+01   4.2154531760374615E-47   3.0498104671081239E-03   6.0350004743545752E-02   7.7667315194833665E-20   1.3399795703874900E-02   6.5018168677255384E+00   1.3020899291579710E+01   1.7884552561967773E+01
    1910  1.1853821189526577E+03   1.0000000000000000E-02   1.0000000000000000E-99   4.9929794214288820E-01   5.0000000000000000E+01   3.8001526803285361E-47   3.0498104671081243E-03   6.0350004743545758E-02   7.7667315194833665E-20   1.3399795703874891E-02   6.5013082253575938E+00   1.3020899291579727E+01   1.7884552561967773E+01
    1920  1.2875541114374332E+03   1.0000000000000000E-02   1.0000000000000000E-99   4.9925728265430647E-01   5.0000000000000000E+01   3.3865411206851333E-47   3.0498104671081230E-03   6.0350004743545745E-02   7.7667315194833665E-20   1.3399795703874898E-02   6.5007788022511752E+00   1.3020899291579713E+01   1.7884552561967773E+01
    1930  1.4051342345468024E+03   1.0000000000000000E-02   1.0000000000000000E-99   4.9921350365382067E-01   5.0000000000000000E+01   2.9662616573214546E-47   3.0498104671081226E-03   6.0350004743545745E-02   7.7667315194833665E-20   1.3399795703874897E-02   6.5002087602943881E+00   1.3020899291579711E+01   1.7884552561967773E+01
    1940  1.5227143576561716E+03   1.0000000000000000E-02   1.0000000000000000E-99   4.9917246841944424E-01   5.0000000000000000E+01   2.5981400804356244E-47   3.0498104671081235E-03   6.0350004743545745E-02   7.7667315194833665E-20   1.3399795703874888E-02   6.4996744446398269E+00   1.3020899291579726E+01   1.7884552561967773E+01
    1950  1.6402944807655408E+03   1.0000000000000000E-02   1.0000000000000000E-99   4.9913384870117639E-01   5.0000000000000000E+01   2.2757034467625501E-47   3.0498104671081217E-03   6.0350004743545745E-02   7.7667315194833665E-20   1.3399795703874900E-02   6.4991715811772641E+00   1.3020899291579727E+01   1.7884552561967773E+01
    1960  1.7578746038749100E+03   1.0000000000000000E-02   1.0000000000000000E-99   4.9909740851477674E-01   5.0000000000000000E+01   1.9932821238563207E-47   3.0498104671081209E-03   6.0350004743545745E-02   7.7667315194833665E-20   1.3399795703874893E-02   6.4986970971796776E+00   1.3020899291579717E+01   1.7884552561967773E+01
    1970  1.9286901907920546E+03   1.0000000000000000E-02   1.0000000000000000E-99   4.9904806255758261E-01   5.0000000000000000E+01   1.6453813273083191E-47   3.0498104671081200E-03   6.0350004743545745E-02   7.7667315194833641E-20   1.3399795703874900E-02   6.4980545684401871E+00   1.3020899291579703E+01   1.7884552561967773E+01
    1980  2.1349960869143820E+03   1.0000000000000000E-02   1.0000000000000000E-99   4.9899350073029425E-01   5.0000000000000000E+01   1.3055519227177659E-47   3.0498104671081209E-03   6.0350004743545745E-02   7.7667315194833641E-20   1.3399795703874893E-02   6.4973441243814367E+00   1.3020899291579719E+01   1.7884552561967773E+01
    1990  2.3413019830367080E+03   1.0000000000000000E-02   1.0000000000000000E-99   4.9894385469852864E-01   5.0000000000000000E+01   1.0359093023745395E-47   3.0498104671081209E-03   6.0350004743545731E-02   7.7667315194833641E-20   1.3399795703874900E-02   6.4966976884011745E+00   1.3020899291579717E+01   1.7884552561967773E+01
    2000  2.5476078791590339E+03   1.0000000000000000E-02   1.0000000000000000E-99   4.9889862738418478E-01   5.0000000000000000E+01   8.2195741438779189E-48   3.0498104671081209E-03   6.0350004743545745E-02   7.7667315194833641E-20   1.3399795703874904E-02   6.4961087880954977E+00   1.3020899291579727E+01   1.7884552561967773E+01
    2010  2.7539137752813599E+03   1.0000000000000000E-02   1.0000000000000000E-99   4.9885738578692540E-01   5.0000000000000000E+01   6.5219415398471990E-48   3.0498104671081209E-03   6.0350004743545745E-02   7.7667315194833641E-20   1.3399795703874900E-02   6.4955717854106076E+00   1.3020899291579726E+01   1.7884552561967773E+01
    2020  2.9602196714036859E+03   1.0000000000000000E-02   1.0000000000000000E-99   4.9881974503521087E-01   5.0000000000000000E+01   5.1749300760144362E-48   3.0498104671081217E-03   6.0350004743545758E-02   7.7667315194833665E-20   1.3399795703874907E-02   6.4950816689729525E+00   1.3020899291579731E+01   1.7884552561967773E+01
    2030  3.1665255675260119E+03   1.0000000000000000E-02   1.0000000000000000E-99   4.9878535987263201E-01   5.0000000000000000E+01   4.1061240932659745E-48   3.0498104671081213E-03   6.0350004743545765E-02   7.7667315194833617E-20   1.3399795703874893E-02   6.4946339432335982E+00   1.3020899291579722E+01   1.7884552561967773E+01
    2040  3.3728314636483378E+03   1.0000000000000000E-02   1.0000000000000000E-99   4.9875391928006818E-01   5.0000000000000000E+01   3.2580643258245805E-48   3.0498104671081213E-03   6.0350004743545765E-02   7.7667315194833617E-20   1.3399795703874909E-02   6.4942245584438920E+00   1.3020899291579735E+01   1.7884552561967773E+01
    2050  3.7361020619587134E+03   1.0000000000000000E-02   1.0000000000000000E-99   4.9870512956235363E-01   5.0000000000000000E+01   2.1808877629110827E-48   3.0498104671081209E-03   6.0350004743545772E-02   7.7667315194833617E-20   1.3399795703874902E-02   6.4935892724426507E+00   1.3020899291579720E+01   1.7884552561967773E+01
    2060  4.3968550000004279E+03   1.0000000000000000E-02   1.0000000000000000E-99   4.9863341493629870E-01   5.0000000000000000E+01   1.0585579807511417E-48   3.0498104671081209E-03   6.0350004743545772E-02   7.7667315194833641E-20   1.3399795703874897E-02   6.4926554835184538E+00   1.3020899291579733E+01   1.7884552561967773E+01
    2070  5.0576079380421425E+03   1.0000000000000000E-02   1.0000000000000000E-99   4.9857818575110219E-01   5.0000000000000000E+01   5.1380223121441787E-49   3.0498104671081209E-03   6.0350004743545772E-02   7.7667315194833641E-20   1.3399795703874900E-02   6.4919363498595857E+00   1.3020899291579727E+01   1.7884552561967773E+01
    2080  5.7183608760838570E+03   1.0000000000000000E-02   1.0000000000000000E-99   4.9853498012377651E-01   5.0000000000000000E+01   2.4938901562443242E-49   3.0498104671081209E-03   6.0350004743545772E-02   7.7667315194833641E-20   1.3399795703874904E-02   6.4913737737369850E+00   1.3020899291579729E+01   1.7884552561967773E+01
    2090  6.3791138141255715E+03   1.0000000000000000E-02   1.0000000000000000E-99   4.9850054842603586E-01   5.0000000000000000E+01   1.2104828927488346E-49   3.0498104671081209E-03   6.0350004743545772E-02   7.7667315194833641E-20   1.3399795703874916E-02   6.4909254420679758E+00   1.3020899291579740E+01   1.7884552561967773E+01
    2100  7.0475129898533660E+03   1.0000000000000000E-02   1.0000000000000000E-99   4.9847223159094495E-01   5.0000000000000000E+01   5.8284029357386445E-50   3.0498104671081209E-03   6.0350004743545772E-02   7.7667315194833641E-20   1.3399795703874912E-02   6.4905567314097619E+00   1.3020899291579736E+01   1.7884552561967773E+01
    2110  7.7847283047558758E+03   1.0000000000000000E-02   1.0000000000000000E-99   4.9844649568044863E-01   5.0000000000000000E+01   2.6105178897802243E-50   3.0498104671081213E-03   6.0350004743545779E-02   7.7667315194833641E-20   1.3399795703874912E-02   6.4902216267107953E+00   1.3020899291579735E+01   1.7884552561967773E+01
    2120  9.0421835890033344E+03   1.0000000000000000E-02   1.0000000000000000E-99   4.9841153319058862E-01   5.0000000000000000E+01   6.9428759214824095E-51   3.0498104671081217E-03   6.0350004743545772E-02   7.7667315194833617E-20   1.3399795703874916E-02   6.4897663836510455E+00   1.3020899291579736E+01   1.7884552561967773E+01
    2130  1.0672435779615234E+04   1.0000000000000000E-02   1.0000000000000000E-99   4.9837554217228403E-01   5.0000000000000000E+01   1.2722225842908025E-51   3.0498104671081222E-03   6.0350004743545765E-02   7.7667315194833641E-20   1.3399795703874914E-02   6.4892977482260026E+00   1.3020899291579743E+01   1.7884552561967773E+01
    2140  1.2511880402624656E+04   1.0000000000000000E-02   1.0000000000000000E-99   4.9834112386732976E-01   5.0000000000000000E+01   1.9155970096925669E-52   3.0498104671081222E-03   6.0350004743545772E-02   7.7667315194833641E-20   1.3399795703874914E-02   6.4888495909431052E+00   1.3020899291579727E+01   1.7884552561967773E+01
    2150  1.4560517458031600E+04   1.0000000000000000E-02   1.0000000000000000E-99   4.9830620016950405E-01   5.0000000000000000E+01   2.3700775287942638E-53   3.0498104671081222E-03   6.0350004743545765E-02   7.7667315194833641E-20   1.3399795703874907E-02   6.4883948529905338E+00   1.3020899291579733E+01   1.7884552561967773E+01
    2160  1.6609154513438541E+04   1.0000000000000000E-02   1.0000000000000000E-99   4.9827281954750635E-01   5.0000000000000000E+01   2.9323847678155610E-54   3.0498104671081222E-03   6.0350004743545758E-02   7.7667315194833641E-20   1.3399795703874911E-02   6.4879602072729341E+00   1.3020899291579738E+01   1.7884552561967773E+01
    2170  1.8657791568845485E+04   1.0000000000000000E-02   1.0000000000000000E-99   4.9824013505239706E-01   5.0000000000000000E+01   3.6281009047376036E-55   3.0498104671081222E-03   6.0350004743545758E-02   7.7667315194833641E-20   1.3399795703874904E-02   6.4875346257534412E+00   1.3020899291579731E+01   1.7884552561967773E+01
    2180  2.0706428624252429E+04   1.0000000000000000E-02   1.0000000000000000E-99   4.9820780898491335E-01   5.0000000000000000E+01   4.4888775577576994E-56   3.0498104671081222E-03   6.0350004743545765E-02   7.7667315194833641E-20   1.3399795703874911E-02   6.4871137112839632E+00   1.3020899291579717E+01   1.7884552561967773E+01
    2190  2.2755065679659372E+04   1.0000000000000000E-02   1.0000000000000000E-99   4.9817570406686995E-01   5.0000000000000000E+01   5.5538757762301175E-57   3.0498104671081222E-03   6.0350004743545758E-02   7.7667315194833641E-20   1.3399795703874907E-02   6.4866956763790924E+00   1.3020899291579742E+01   1.7884552561967773E+01
    2200  2.4803702735066316E+04   1.0000000000000000E-02   1.0000000000000000E-99   4.9814376264777760E-01   5.0000000000000000E+01   6.8715476733127339E-58   3.0498104671081222E-03   6.0350004743545765E-02   7.7667315194833641E-20   1.3399795703874917E-02   6.4862797703775934E+00   1.3020899291579738E+01   1.7884552561967773E+01
    2210  2.6852339790473259E+04   1.0000000000000000E-02   1.0000000000000000E-99   4.9811195915694839E-01   5.0000000000000000E+01   8.5018407557290764E-59   3.0498104671081222E-03   6.0350004743545745E-02   7.7667315194833641E-20   1.3399795703874917E-02   6.4858656603261133E+00   1.3020899291579738E+01   1.7884552561967773E+01
    2220  2.8900976845880203E+04   1.0000000000000000E-02   1.0000000000000000E-99   4.9808028121655079E-01   5.0000000000000000E+01   1.0518925236667908E-59   3.0498104671081222E-03   6.0350004743545745E-02   7.7667315194833641E-20   1.3399795703874912E-02   6.4854531850541681E+00   1.3020899291579745E+01   1.7884552561967773E+01
    2230  3.0949613901287146E+04   1.0000000000000000E-02   1.0000000000000000E-99   4.9804872204236333E-01   5.0000000000000000E+01   1.3014568410970018E-60   3.0498104671081222E-03   6.0350004743545745E-02   7.7667315194833641E-20   1.3399795703874911E-02   6.4850422562250749E+00   1.3020899291579733E+01   1.7884552561967773E+01
    2233  3.1536000000000000E+04   1.0000000000000000E-02   1.0000000000000000E-99   4.9803970994285590E-01   5.0000000000000000E+01   7.1382520392311518E-61   3.0498104671081222E-03   6.0350004743545745E-02   7.7667315194833641E-20   1.3399795703874904E-02   6.4849249105849118E+00   1.3020899291579743E+01   1.7884552561967773E+01
