# 1:iteration 2:time[s], 3:T[GK], 4:rho[g/cm3], 5:Ye 
# 6:R[km], 7:Y_n, 8:Y_p, 9:Y_alpha, 10:Y_lights 
# 11:Y_heavies 12:<Z> 13:<A> 14:entropy [kB/baryon] (15:Sn [MeV])
       0  1.4705612891743311E-01   5.9999999999848352E+00   2.9257388342496618E+06   5.0199999999999878E-01   5.0000000000000000E+01   4.2913279238880424E-04   2.0447057403406282E-02   1.8499838416382891E-01   2.8042476101641585E-08   4.3872299662385816E-03   2.3874994065522595E+00   4.7559749134507143E+00   2.7018514806989650E+01
      10  1.4705613096343312E-01   5.9999999757103639E+00   2.9257387987392796E+06   5.0200000000004696E-01   5.0000000000000000E+01   4.2913273097852428E-04   2.0447058051855552E-02   1.8499838054201775E-01   2.8042473313043819E-08   4.3872302209164724E-03   2.3874994381201757E+00   4.7559749763360974E+00   2.7018514776145285E+01
      20  1.4705822606743310E-01   5.9999751187029631E+00   2.9257024363342910E+06   5.0199999983862620E-01   5.0000000000000000E+01   4.2906985264248127E-04   2.0447722002318338E-02   1.8499467163940414E-01   2.8039617913196582E-08   4.3874910182528796E-03   2.3875317655639834E+00   4.7560393751625405E+00   2.7018483170091866E+01
      30  1.4920361256343312E-01   5.9745755099598572E+00   2.8887035036819195E+06   5.0199983410555049E-01   5.0000000000000000E+01   3.6930930716722163E-04   2.1127733202131932E-02   1.8115505870102833E-01   2.5252941808241842E-08   4.6575816738736184E-03   2.4214969892942015E+00   4.8237007759350163E+00   2.6985926548194541E+01
      40  1.6420070254347427E-01   5.7999999912867271E+00   2.6428090410172176E+06   5.0199868342877185E-01   5.0000000000000000E+01   1.3062441153010063E-04   2.5614630511215403E-02   1.5251178617513872E-01   1.1874468873575384E-08   6.6847574245806072E-03   2.7143601674026629E+00   5.4071061478945071E+00   2.6548980727172392E+01
      50  1.6420096443147425E-01   5.7999969877262147E+00   2.6428049352416424E+06   5.0199868340546583E-01   5.0000000000000000E+01   1.3067410567823396E-04   2.5615870362929345E-02   1.5251128423097729E-01   1.1879540899004484E-08   6.6847559016333892E-03   2.7143486301042175E+00   5.4070831654181717E+00   2.6548991260042843E+01
      60  1.6446913774347427E-01   5.7969221578963221E+00   2.6386039667635160E+06   5.0199865970576918E-01   5.0000000000000000E+01   1.2888988142660036E-04   2.5608330135100728E-02   1.5244421256222648E-01   1.1732923386440828E-08   6.6881893053449453E-03   2.7154197792467905E+00   5.4092171901300681E+00   2.6546427581722639E+01
      70  1.7042352765198279E-01   5.7290684748262315E+00   2.5470287329626055E+06   5.0199814081318861E-01   5.0000000000000000E+01   8.8298138147765472E-05   2.6637361490451244E-02   1.4360437534707537E-01   8.6825510481982376E-09   7.3102824940545616E-03   2.8259244490626378E+00   5.6293524228814196E+00   2.6403342350570544E+01
      80  1.7692562441250489E-01   5.6558802128432069E+00   2.4506563405930400E+06   5.0199758606627853E-01   5.0000000000000000E+01   5.7780463674025870E-05   2.7797553906760596E-02   1.3269622515204291E-01   6.1872035297497358E-09   8.0854814937990332E-03   2.9767930261525519E+00   5.9298950953904290E+00   2.6227976242055998E+01
      90  1.8350281785220424E-01   5.5827978408244556E+00   2.3568802150121271E+06   5.0199704637131892E-01   5.0000000000000000E+01   3.7904987112798329E-05   2.8673967594661044E-02   1.2255221123010310E-01   4.3763831453021414E-09   8.8061247002188467E-03   3.1361053209884919E+00   6.2472585077345064E+00   2.6056552749975072E+01
     100  1.9068638736627108E-01   5.5040562401688780E+00   2.2585535582584240E+06   5.0199648868845448E-01   5.0000000000000000E+01   2.4136486659064685E-05   2.9297491657331347E-02   1.1288970861946311E-01   2.9924601936438138E-09   9.4897209091127123E-03   3.3091165380637744E+00   6.5919117195223160E+00   2.5882171052094716E+01
     110  1.9788984816291078E-01   5.4262118040086920E+00   2.1640736173119182E+06   5.0199596803576063E-01   5.0000000000000000E+01   1.5482928137865963E-05   2.9621444601299896E-02   1.0481821428559540E-01   2.0431130901809159E-09   1.0056446732075420E-02   3.4737419053065777E+00   6.9198601752185258E+00   2.5723838029203623E+01
     120  2.0485108491872608E-01   5.3520311891681738E+00   2.0765276198610312E+06   5.0199550292668649E-01   5.0000000000000000E+01   1.0146032530484172E-05   2.9709468321367772E-02   9.8462672210681071E-02   1.4133594079097103E-09   1.0498581912784449E-02   3.6197891123861963E+00   7.2107998832991109E+00   2.5586546188246803E+01
     130  2.1155290318584313E-01   5.2815732876113612E+00   1.9955919186913769E+06   5.0199509116043273E-01   5.0000000000000000E+01   6.7791301027460016E-06   2.9642807819234722E-02   9.3463218762415173E-02   9.9135658897515598E-10   1.0843049244000685E-02   3.7474665636016420E+00   7.4651458381132940E+00   2.5466907693373390E+01
     140  2.1791721769177863E-01   5.2155225042622506E+00   1.9216543622377675E+06   5.0199473154369312E-01   5.0000000000000000E+01   4.6283583855492337E-06   2.9485061594672242E-02   8.9508898519719868E-02   7.0761847513507323E-10   1.1112717949976125E-02   3.8581945152598625E+00   7.6857271092645645E+00   2.5362240796914591E+01
     150  2.2422848788267233E-01   5.1508379850146362E+00   1.8510385962562708E+06   5.0199440359279068E-01   5.0000000000000000E+01   3.1688594095438060E-06   2.9267414293852483E-02   8.6171959769635029E-02   5.0607653420012973E-10   1.1337508023167920E-02   3.9595693316332943E+00   7.8876762454518214E+00   2.5264969390378827E+01
     160  2.3018788701673648E-01   5.0904963735690307E+00   1.7867434648269808E+06   5.0199411852347553E-01   5.0000000000000000E+01   2.2127914941554433E-06   2.9023715272442376E-02   8.3431994716916855E-02   3.6834064479514244E-10   1.1519339376007758E-02   4.0490821324711161E+00   8.0659951665281096E+00   2.5177581672576586E+01
     170  2.3609249812997019E-01   5.0314067188994933E+00   1.7252422344796259E+06   5.0199385782808581E-01   5.0000000000000000E+01   1.5471338435495139E-06   2.8755709274750612E-02   8.1027675625798698E-02   2.6851605560007717E-10   1.1676085033981508E-02   4.1329627302209264E+00   8.2330942239848053E+00   2.5094216594482209E+01
     180  2.4175901553536103E-01   4.9753448319361633E+00   1.6682124726326328E+06   5.0199362647001744E-01   5.0000000000000000E+01   1.0948903180852296E-06   2.8478685497084114E-02   7.8954937278609208E-02   1.9798006632347130E-10   1.1808516062343528E-02   4.2098290187276737E+00   8.3862200584059590E+00   2.5016484972231797E+01
     190  2.4723711747086705E-01   4.9217409664458813E+00   1.6148718483508879E+06   5.0199341940974085E-01   5.0000000000000000E+01   7.8191702089643783E-07   2.8194274549861290E-02   7.7132703203590822E-02   1.4725875925567755E-10   1.1922470274563437E-02   4.2813853671296851E+00   8.5287679131968925E+00   2.4942939690887172E+01
     200  2.5276684815160272E-01   4.8682176004565862E+00   1.5627580748966413E+06   5.0199322570117622E-01   5.0000000000000000E+01   5.5523088381901554E-07   2.7890679484311228E-02   7.5447982978372546E-02   1.0907640783570267E-10   1.2025502050613287E-02   4.3513582518096205E+00   8.6681613022110646E+00   2.4869909897561946E+01
     210  2.5847724184568066E-01   4.8135563846114051E+00   1.5107061432705764E+06   5.0199304052465055E-01   5.0000000000000000E+01   3.8881392521696145E-07   2.7558656529616799E-02   7.3850512483702113E-02   7.9891036257113686E-11   1.2120998635923412E-02   4.4216557710105224E+00   8.8082013404209487E+00   2.4795443320283866E+01
     220  2.6431950249227826E-01   4.7582680214632873E+00   1.4592459898307626E+06   5.0199286541792909E-01   5.0000000000000000E+01   2.6926694959518149E-07   2.7197614769719512E-02   7.2349182451648522E-02   5.8010767894728484E-11   1.2208792606541575E-02   4.4918706654230736E+00   8.9480767090329891E+00   2.4719980258646142E+01
     230  2.7028301098516305E-01   4.7024871207219254E+00   1.4085252909786105E+06   5.0199270033686638E-01   5.0000000000000000E+01   1.8450887475876340E-07   2.6804500780778340E-02   7.0942754313372311E-02   4.1784045722797960E-11   1.2289450052346950E-02   4.5620400732740745E+00   9.0878613812192572E+00   2.4643482224438944E+01
     240  2.7673410205287474E-01   4.6428815796503402E+00   1.3556407824752014E+06   5.0199253598742510E-01   5.0000000000000000E+01   1.2217514565438707E-07   2.6348711440962302E-02   6.9554525101780201E-02   2.9255607669778541E-11   1.2367852368896233E-02   4.6364359538697038E+00   9.2360655252039923E+00   2.4561145288182832E+01
     250  2.8410743901742797E-01   4.5756795424086203E+00   1.2976232198638469E+06   5.0199236460086871E-01   5.0000000000000000E+01   7.5954335092897892E-08   2.5786307343195310E-02   6.8127603319522209E-02   1.9432977446767510E-11   1.2447764925821125E-02   4.7196699680787191E+00   9.4018760099358634E+00   2.4467387485872017E+01
     260  2.9167332615367003E-01   4.5077335673784722E+00   1.2406706879488500E+06   5.0199220499448061E-01   5.0000000000000000E+01   4.6426389017730580E-08   2.5161971705373244E-02   6.6831422735173729E-02   1.2750575132320067E-11   1.2520657844018434E-02   4.8031051420302111E+00   9.5680871058060077E+00   2.4371421943693786E+01
     270  2.9917758011331685E-01   4.4413377936414040E+00   1.1866515790392852E+06   5.0199206121849138E-01   5.0000000000000000E+01   2.8363598453722521E-08   2.4496250254679185E-02   6.5706839359783178E-02   8.3838038265587836E-12   1.2585249393059623E-02   4.8837438906397876E+00   9.7287273441949988E+00   2.4276396619915346E+01
     280  3.0715123875374778E-01   4.3718601505137773E+00   1.1318284029964157E+06   5.0199192261066761E-01   5.0000000000000000E+01   1.6719035333471637E-08   2.3741511877288842E-02   6.4680412062705500E-02   5.3639385623739146E-12   1.2646741607307731E-02   4.9668394929813191E+00   9.8942617823239072E+00   2.4175554930287628E+01
     290  3.1582946708124687E-01   4.2974779085053383E+00   1.0750353955870804E+06   5.0199178648152953E-01   5.0000000000000000E+01   9.3490618587231049E-09   2.2871236055066899E-02   6.3749682738860419E-02   3.2959698374040515E-12   1.2706621889558473E-02   5.0539028326016275E+00   1.0067700250444318E+01   2.4065900438358479E+01
     300  3.2420087615979770E-01   4.2269249024797224E+00   1.0229523424811412E+06   5.0199166796615113E-01   5.0000000000000000E+01   5.3032914297154914E-09   2.1991890688120776E-02   6.3021740608691465E-02   2.0591289870661548E-12   1.2758570230931618E-02   5.1342982246794788E+00   1.0227855469070455E+01   2.3960137793755170E+01
     310  3.3232389922736832E-01   4.1595726868831946E+00   9.7482791842005937E+05   5.0199156357894736E-01   5.0000000000000000E+01   3.0404876648479745E-09   2.1109757494012692E-02   6.2459728294466152E-02   1.3039341005554845E-12   1.2804361000671657E-02   5.2087943405761479E+00   1.0376258727189143E+01   2.3857425701059260E+01
     320  3.4142984222084327E-01   4.0853455925914677E+00   9.2356657634105207E+05   5.0199145761083563E-01   5.0000000000000000E+01   1.6172180048020212E-09   2.0097074366653742E-02   6.1979071647788042E-02   7.8090738104562434E-13   1.2851065867666040E-02   5.2881722648508136E+00   1.0534386963477750E+01   2.3742026114894742E+01
     330  3.5039045713012362E-01   4.0135962964123335E+00   8.7575548677070055E+05   5.0199136331356797E-01   5.0000000000000000E+01   8.6160859844692679E-10   1.9085886591430085E-02   6.1637741836568956E-02   4.7115908871407310E-13   1.2892968618385002E-02   5.3622047214790260E+00   1.0681866492822580E+01   2.3627990792787799E+01
     340  3.5910733556850510E-01   3.9450079930950963E+00   8.3162103833392123E+05   5.0199127993471671E-01   5.0000000000000000E+01   4.6301800230149657E-10   1.8097032253348640E-02   6.1410024216144297E-02   2.8784765313628936E-13   1.2930401790439441E-02   5.4306045067476418E+00   1.0818125186272212E+01   2.3516394095946797E+01
     350  3.6760570760920452E-01   3.8792675590156773E+00   7.9073508494320197E+05   5.0199120565147259E-01   5.0000000000000000E+01   2.5058250727912327E-10   1.7135461377360512E-02   6.1268929978022711E-02   1.7768758150210961E-13   1.2964125828032634E-02   5.4941375842408631E+00   1.0944688919560562E+01   2.3406778711236807E+01
     360  3.7590549736505441E-01   3.8161208388302956E+00   7.5274548650316615E+05   5.0199113904222714E-01   5.0000000000000000E+01   1.3640743871222552E-10   1.6205028508015674E-02   6.1193083248102784E-02   1.1059964290551049E-13   1.2994713051876834E-02   5.5534401026892288E+00   1.1062824963935995E+01   2.3298791312835899E+01
     370  3.8604294173503251E-01   3.7403856155438024E+00   7.0881180113873677E+05   5.0199106479561173E-01   5.0000000000000000E+01   6.4128507394785402E-11   1.5088374449627268E-02   6.1165254070674129E-02   6.1607978881795043E-14   1.3029225835850096E-02   5.6224800165130278E+00   1.1200358756944237E+01   2.3165464385070919E+01
     380  3.9654273050886146E-01   3.6635275955448905E+00   6.6600916683144099E+05   5.0199099507367184E-01   5.0000000000000000E+01   2.8921866834367032E-11   1.3964005024025743E-02   6.1191521310324612E-02   3.3263821402322320E-14   1.3062038405041408E-02   5.6903746594214519E+00   1.1335611031386470E+01   2.3025523337629952E+01
     390  4.0674652550161805E-01   3.5903496681232023E+00   6.2689101643975812E+05   5.0199093341706214E-01   5.0000000000000000E+01   1.3143316429316329E-11   1.2911382821643433E-02   6.1253936357933234E-02   1.8017949806427148E-14   1.3091355081540889E-02   5.7530376626448732E+00   1.1460441377831170E+01   2.2887581463434959E+01
     400  4.1666133259163829E-01   3.5206447205563554E+00   5.9108291830255929E+05   5.0199087857036195E-01   5.0000000000000000E+01   6.0201826320218241E-12   1.1933560382301357E-02   6.1336834888705283E-02   9.7561370764450052E-15   1.3117630181845946E-02   5.8108849681868353E+00   1.1575678400236706E+01   2.2751616524697379E+01
     410  4.2630384961997880E-01   3.4541523608797564E+00   5.5822113521528617E+05   5.0199082945671469E-01   5.0000000000000000E+01   2.7791648613770999E-12   1.1030884452946078E-02   6.1429233434545170E-02   5.2622931051276921E-15   1.3141260231942698E-02   5.8642844364023219E+00   1.1682054918739519E+01   2.2617505551350316E+01
     420  4.3602165351153238E-01   3.3884113274876282E+00   5.2695093554096017E+05   5.0199078368203498E-01   5.0000000000000000E+01   1.2594324996370388E-12   1.0174335835440324E-02   6.1526784160450265E-02   2.7594398741300104E-15   1.3163294006586628E-02   5.9152094499811891E+00   1.1783502096645222E+01   2.2480440955640479E+01
     430  4.4670633730987336E-01   3.3175725697491272E+00   4.9458745876346278E+05   5.0199073709073971E-01   5.0000000000000000E+01   5.2194054428917212E-13   9.2996098362215316E-03   6.1632027011351530E-02   1.3209600218060616E-15   1.3185597501923199E-02   5.9677513290785438E+00   1.1888170219465021E+01   2.2327517457194574E+01
     440  4.5699426469641335E-01   3.2507641449804998E+00   4.6530550214013923E+05   5.0199069525202900E-01   5.0000000000000000E+01   2.2282036397162170E-13   8.5288488454509995E-03   6.1725000280882632E-02   6.3641843060450676E-16   1.3205315459392191E-02   6.0148061359404181E+00   1.1981907622782012E+01   2.2178076449892899E+01
     450  4.6735352891989307E-01   3.1848518012617189E+00   4.3757196608360374E+05   5.0199065534627763E-01   5.0000000000000000E+01   9.5202254226861893E-14   7.8279449448046094E-03   6.1805226243334691E-02   3.0196803876944504E-16   1.3223545411315070E-02   6.0585390774343741E+00   1.2069027610355411E+01   2.2025440856254505E+01
     460  4.7938189763480960E-01   3.1099944770713326E+00   4.0743718109840248E+05   5.0199061059458228E-01   5.0000000000000000E+01   3.6099190927246924E-14   7.1118987294471027E-03   6.1876774061181271E-02   1.2718646816908813E-16   1.3242801414816267E-02   6.1046042947035399E+00   1.2160793783710567E+01   2.1845518543770730E+01
     470  4.9127777458263427E-01   3.0376923482001041E+00   3.7967601863101462E+05   5.0199056642782158E-01   5.0000000000000000E+01   1.4112346670214349E-14   6.5069224839109339E-03   6.1921145907797556E-02   5.4650236406447479E-17   1.3259991490936250E-02   6.1452134761054165E+00   1.2241691157554566E+01   2.1664735942591420E+01
     480  5.0298267193550372E-01   2.9681918231423134E+00   3.5420745549849083E+05   5.0199052120685483E-01   5.0000000000000000E+01   5.6900207649443663E-15   6.0090317364225503E-03   6.1937157868329262E-02   2.4202407132954800E-17   1.3275248179810744E-02   6.1805175443746165E+00   1.2312020417512997E+01   2.1484096312832019E+01
     490  5.1451645754192432E-01   2.9012629182363638E+00   3.3078291249573452E+05   5.0199047273816022E-01   5.0000000000000000E+01   2.3571251487417994E-15   5.6085821204423158E-03   6.1924786592486743E-02   1.1112438450281251E-17   1.3288800828666566E-02   6.2110492156461223E+00   1.2372842822892208E+01   2.1303415174653274E+01
     500  5.2538388998073327E-01   2.8395822624184865E+00   3.1013099258980114E+05   5.0199042119748649E-01   5.0000000000000000E+01   1.0429871320459555E-15   5.3079321119837613E-03   6.1886752845044662E-02   5.5091364113363053E-18   1.3300333864889640E-02   6.2362917425741689E+00   1.2423128970945102E+01   2.1130725874153345E+01
     510  5.3571135439434925E-01   2.7821819636408351E+00   2.9170132218753581E+05   5.0199036460627999E-01   5.0000000000000000E+01   4.8930672077802369E-16   5.0849454757059473E-03   6.1826845420441791E-02   2.9359809474061189E-18   1.3310267534342743E-02   6.2575103958624245E+00   1.2465399416418640E+01   2.0964400049438950E+01
     520  5.4593690148583773E-01   2.7264913903433743E+00   2.7453277310583548E+05   5.0199029891922575E-01   5.0000000000000000E+01   2.3638029588402026E-16   4.9168136715521150E-03   6.1745573107326708E-02   1.6424381960919448E-18   1.3319191316378716E-02   6.2763240095282518E+00   1.2502879089886726E+01   2.0797564802891163E+01
     530  5.5623547724501421E-01   2.6715297542731036E+00   2.5826279791042855E+05   5.0199022062678067E-01   5.0000000000000000E+01   1.1662590192196075E-16   4.7914269685517792E-03   6.1643548569924961E-02   9.5849718548810085E-19   1.3327332293109520E-02   6.2935769321858723E+00   1.2537250081263769E+01   2.0627354931683911E+01
     540  5.6628025954555383E-01   2.6189900640873267E+00   2.4332310934735727E+05   5.0199013001162007E-01   5.0000000000000000E+01   6.0363656664725345E-17   4.7023923075895030E-03   6.1527473963849645E-02   5.9471112088748240E-19   1.3334520705437492E-02   6.3092314172861146E+00   1.2568437190799514E+01   2.0459229988636604E+01
     550  5.7605081727827578E-01   2.5688762413069637E+00   2.2962086649586714E+05   5.0199002553026129E-01   5.0000000000000000E+01   3.2948969184997574E-17   4.6391613080687477E-03   6.1402834071040413E-02   3.9268787130017835E-19   1.3340858632813195E-02   6.3236580717401392E+00   1.2597178733245793E+01   2.0293738376234312E+01
     560  5.8591714330936506E-01   2.5192442176660657E+00   2.1656716748365207E+05   5.0198990004048538E-01   5.0000000000000000E+01   1.8623939078208653E-17   4.5919200934264378E-03   6.1270538747751659E-02   2.7208485571806452E-19   1.3346657513066006E-02   6.3375268295565155E+00   1.2624809445810236E+01   2.0124768306073623E+01
     570  5.9760353479049544E-01   2.4616955457747407E+00   2.0206208250547003E+05   5.0198971862074593E-01   5.0000000000000000E+01   1.0010637290657961E-17   4.5505927055228788E-03   6.1114498019810094E-02   1.8831258316594670E-19   1.3352811540165991E-02   6.3528606078919614E+00   1.2655360009221200E+01   1.9922445795535921E+01
     580  6.0833791661988890E-01   2.4099940327921541E+00   1.8959623412959030E+05   5.0198951230799105E-01   5.0000000000000000E+01   5.9313729381692332E-18   4.5219988900435625E-03   6.0980712746745595E-02   1.4197072321286729E-19   1.3357856709143214E-02   6.3655325194455559E+00   1.2680608589538847E+01   1.9734807431699036E+01
     590  6.1975854098287952E-01   2.3561789390645234E+00   1.7717670232671718E+05   5.0198923734294176E-01   5.0000000000000000E+01   3.5291177854380356E-18   4.4981422916459783E-03   6.0856077850573127E-02   1.0994074506080988E-19   1.3362649811207578E-02   6.3771493663295633E+00   1.2703757160758569E+01   1.9533613528924494E+01
     600  6.3114983893215792E-01   2.3036991220048475E+00   1.6559952071178859E+05   5.0198888663810970E-01   5.0000000000000000E+01   2.1577427611665569E-18   4.4784387293730589E-03   6.0753427831722648E-02   8.7927271067360697E-20   1.3366906044432974E-02   6.3867267897106972E+00   1.2722844991004411E+01   1.9331623653723838E+01
     610  6.4356232916308154E-01   2.2478445481341383E+00   1.5384402251968760E+05   5.0198838249254307E-01   5.0000000000000000E+01   1.2831020842739553E-18   4.4583814293566049E-03   6.0665709925194607E-02   7.0362985634184907E-20   1.3371012748258857E-02   6.3951553186687615E+00   1.2739648055419899E+01   1.9110315940547750E+01
     620  6.5677023517947342E-01   2.1898971137787964E+00   1.4225021737779389E+05   5.0198764390906314E-01   5.0000000000000000E+01   7.4266265109121290E-19   4.4345644186334701E-03   6.0595599439130801E-02   5.5975275214560029E-20   1.3374847033616983E-02   6.4024944095026566E+00   1.2754286862209586E+01   1.8873737178508140E+01
     630  6.6992415062925459E-01   2.1336712925279668E+00   1.3157226383798433E+05   5.0198659950602287E-01   5.0000000000000000E+01   4.2925253888722133E-19   4.4039404130752852E-03   6.0543771467387389E-02   4.4356620162727560E-20   1.3378185012198956E-02   6.4089479906492368E+00   1.2767169480532742E+01   1.8637343604321043E+01
     640  6.8324665493370851E-01   2.0781961585329651E+00   1.2157419938712202E+05   5.0198506488878369E-01   5.0000000000000000E+01   2.4352896869181304E-19   4.3613298497632404E-03   6.0504387099751901E-02   3.4469313041419451E-20   1.3381136374826538E-02   6.4154025824911010E+00   1.2780066646236065E+01   1.8397526758422263E+01
     650  6.9619630576840119E-01   2.0256562904973228E+00   1.1258462255488831E+05   5.0198288520073531E-01   5.0000000000000000E+01   1.3808109328715348E-19   4.3044521935705106E-03   6.0475028428501436E-02   2.6307723306521845E-20   1.3383641791690045E-02   6.4222470865922361E+00   1.2793757074465034E+01   1.8164489805574284E+01
     660  7.0998429150172271E-01   1.9711743483158266E+00   1.0374255070696991E+05   5.0197946820772132E-01   5.0000000000000000E+01   7.3968370250282606E-20   4.2235314542184033E-03   6.0450697212699377E-02   1.9085651626669347E-20   1.3385962260596818E-02   6.4306717962533737E+00   1.2810627138638804E+01   1.7917020176687547E+01
     670  7.2587024755258789E-01   1.9102167340685225E+00   9.4412552892272084E+04   5.0197353771481301E-01   5.0000000000000000E+01   3.5326456967279254E-20   4.1033575362251730E-03   6.0429037681272328E-02   1.2674576691015675E-20   1.3388248155123078E-02   6.4421123336257526E+00   1.2833569604415239E+01   1.7633676172420707E+01
     680  7.4302364876694027E-01   1.8465106079170919E+00   8.5278043110582221E+04   5.0196390319818729E-01   5.0000000000000000E+01   1.5964180863553691E-20   3.9477220117871111E-03   6.0411132113837890E-02   7.9924733307331515E-21   1.3390318163191302E-02   6.4561961037158477E+00   1.2861873263790208E+01   1.7331357169949815E+01
     690  7.5905727402595935E-01   1.7888857286984945E+00   7.7540679642317380E+04   5.0195119489196127E-01   5.0000000000000000E+01   8.0210193355016500E-21   3.7921853517742538E-03   6.0398169990696235E-02   5.4013462255140824E-21   1.3391937465323859E-02   6.4699195747606613E+00   1.2889539148073226E+01   1.7053885679768158E+01
     700  7.7330491475958207E-01   1.7391904539348872E+00   7.1256294478499869E+04   5.0193671117168825E-01   5.0000000000000000E+01   4.7599603450926232E-21   3.6604091586816064E-03   6.0389019086553440E-02   4.1524238698211059E-21   1.3393158373535628E-02   6.4814042645888117E+00   1.2912791837210701E+01   1.6812923205946529E+01
     710  7.8722762930134116E-01   1.6919624626915324E+00   6.5607573586602404E+04   5.0191990798859498E-01   5.0000000000000000E+01   3.1598484671384346E-21   3.5480176162074281E-03   6.0381801328048774E-02   3.5559962214389459E-21   1.3394180000600735E-02   6.4911271382450941E+00   1.2932595494142610E+01   1.6583780713651638E+01
     720  8.0152498447962139E-01   1.6447980180642046E+00   6.0272544618517335E+04   5.0190054471401602E-01   5.0000000000000000E+01   2.2659647379812282E-21   3.4542813463627809E-03   6.0375816665978674E-02   3.3291464529598044E-21   1.3395076105421644E-02   6.4991830766046945E+00   1.2949145298376589E+01   1.6356107072648367E+01
     730  8.1446826810233430E-01   1.6032352804474459E+00   5.5817912297974879E+04   5.0188184001948699E-01   5.0000000000000000E+01   1.7629323497808812E-21   3.3878446531766639E-03   6.0371395768349774E-02   3.3159273677687931E-21   1.3395771889211460E-02   6.5048507541957630E+00   1.2960920754129274E+01   1.6157535393179696E+01
     740  8.2677764714575752E-01   1.5646828673542346E+00   5.1887265883524757E+04   5.0186354756046492E-01   5.0000000000000000E+01   1.4218659569991727E-21   3.3382768954617792E-03   6.0367902103182207E-02   3.4015708267470232E-21   1.3396344956379423E-02   6.5090417513857224E+00   1.2969744037519167E+01   1.5976017346184399E+01
     750  8.4271901343749100E-01   1.5161296776429494E+00   4.7205309785112287E+04   5.0183976404401043E-01   5.0000000000000000E+01   1.0945594009480915E-21   3.2887413094762029E-03   6.0364220784603295E-02   3.6078709734874443E-21   1.3396974200710569E-02   6.5131755868556604E+00   1.2978596069403384E+01   1.5752525369853995E+01
     760  8.6130750686177160E-01   1.4614134347361005E+00   4.2276701112115188E+04   5.0181259163485170E-01   5.0000000000000000E+01   8.1349583395901954E-22   3.2447993818193683E-03   6.0360869490732563E-02   3.9598918590354524E-21   1.3397572676989147E-02   6.5167723012284373E+00   1.2986466286617032E+01   1.5509902764131921E+01
     770  8.8055505981507909E-01   1.4068372565236658E+00   3.7714937129325284E+04   5.0178557460253259E-01   5.0000000000000000E+01   5.9852249892014721E-22   3.2088724468334134E-03   6.0358214518535888E-02   4.4710344548311083E-21   1.3398066895544564E-02   6.5196462220984435E+00   1.2992892889559778E+01   1.5280804486929188E+01
     780  9.0201839607740419E-01   1.3483783685557116E+00   3.3206043710587270E+04   5.0175704958041223E-01   5.0000000000000000E+01   4.2313858918139260E-22   3.1760567325557561E-03   6.0355993339940954E-02   5.2909511175036194E-21   1.3398496644441015E-02   6.5222082903765521E+00   1.2998737731876433E+01   1.5053719310504661E+01
     790  9.2385513268860620E-01   1.2913947816573552E+00   2.9171508425570588E+04   5.0172981292710139E-01   5.0000000000000000E+01   2.9483266217745646E-22   3.1485799955869665E-03   6.0354326926328784E-02   6.5019187396631861E-21   1.3398830685323325E-02   6.5242974806315912E+00   1.3003607349558875E+01   1.4854734716642502E+01
     800  9.4756927194290064E-01   1.2322363591457377E+00   2.5343340744386336E+04   5.0170222632338424E-01   5.0000000000000000E+01   1.9628813571588311E-22   3.1246403697778027E-03   6.0353016644726268E-02   8.2887288898784961E-21   1.3399102053666951E-02   6.5260584915981719E+00   1.3007832438105064E+01   1.4675657467147294E+01
     810  9.7200403635441235E-01   1.1741137105839139E+00   2.1923620896809258E+04   5.0167584853192881E-01   5.0000000000000000E+01   1.2609243195183397E-22   3.1054490639464199E-03   6.0352060304787465E-02   1.0254681079490383E-20   1.3399306336386467E-02   6.5274087135840873E+00   1.3011207804654342E+01   1.4530287597139965E+01
     820  9.9748811848988694E-01   1.1164137494061466E+00   1.8847655478083747E+04   5.0165040586187937E-01   5.0000000000000000E+01   7.7296347390151873E-23   3.0901617652043210E-03   6.0351366547776508E-02   1.1385201422459402E-20   1.3399458876333897E-02   6.5284221899173787E+00   1.3013887990267770E+01   1.4417890147500477E+01
     830  1.0245793007117325E+00   1.0581812525227687E+00   1.6049517997887309E+04   5.0162552048764864E-01   5.0000000000000000E+01   4.4783090568223019E-23   3.0780737243078790E-03   6.0350867128232094E-02   1.0927560738788151E-20   1.3399571781202222E-02   6.5291582941219231E+00   1.3016001040011719E+01   1.4336967224324356E+01
     840  1.0505137779336466E+00   1.0052828969130674E+00   1.3760895180303130E+04   5.0160365188249800E-01   5.0000000000000000E+01   2.6259677296293303E-23   3.0696777199799067E-03   6.0350547567422246E-02   9.7480697679936325E-21   1.3399646054292707E-02   6.5296080704348585E+00   1.3017465180270110E+01   1.4290512146088291E+01
     850  1.0695594606534058E+00   9.6812719467455466E-01   1.2290769215591128E+04   5.0158878813906249E-01   5.0000000000000000E+01   1.8401132980349202E-23   3.0660592870962611E-03   6.0350383420140361E-02   9.1057300590784277E-21   1.3399685299516600E-02   6.5297327677719670E+00   1.3018099535756690E+01   1.4272061105604021E+01
     860  1.0972740686749780E+00   9.1649885415030286E-01   1.0427437227317541E+04   5.0156888368670072E-01   5.0000000000000000E+01   1.0997922520008595E-23   3.0615143024739890E-03   6.0350221187770912E-02   8.4619880233552072E-21   1.3399725587138187E-02   6.5298703689726674E+00   1.3018890492603703E+01   1.4263594451417347E+01
     870  1.1233386861270243E+00   8.7045915354247916E-01   8.9336101152826741E+03   5.0155184702655242E-01   5.0000000000000000E+01   7.4781937663887635E-24   3.0583294228302637E-03   6.0350126193090006E-02   8.4057419303167383E-21   1.3399750633276185E-02   6.5299252712570590E+00   1.3019442181723946E+01   1.4270566878778638E+01
     880  1.1511929811621731E+00   8.2381167825951618E-01   7.5729595594015864E+03   5.0153529763180149E-01   5.0000000000000000E+01   5.6280833268791743E-24   3.0558132576872800E-03   6.0350065809487423E-02   8.8013281499803544E-21   1.3399768045053825E-02   6.5299273749879081E+00   1.3019875984927779E+01   1.4289163141754582E+01
     890  1.1822705194506340E+00   7.7471054050572663E-01   6.2979643771500032E+03   5.0151866664495814E-01   5.0000000000000000E+01   4.4905578054552057E-24   3.0538048953073784E-03   6.0350030011848396E-02   9.5930787192417883E-21   1.3399779983792061E-02   6.5298836175492125E+00   1.3020220490444682E+01   1.4318897014244879E+01
     900  1.2189847919055297E+00   7.2046074608358601E-01   5.0653886814167345E+03   5.0150124265011820E-01   5.0000000000000000E+01   3.4674999016226445E-24   3.0522373915220424E-03   6.0350011476710270E-02   1.0811962630667901E-20   1.3399787859376356E-02   6.5297909276648074E+00   1.3020488035883842E+01   1.4361422777334653E+01
     910  1.2601373415989654E+00   6.6415541767347253E-01   3.9681763465120262E+03   5.0148420764796486E-01   5.0000000000000000E+01   2.6065860322285465E-24   3.0511898952039944E-03   6.0350004598578748E-02   1.2602366668045634E-20   1.3399792235645861E-02   6.5296583937743398E+00   1.3020666047773060E+01   1.4414332855948704E+01
     920  1.2910328507272322E+00   6.2479502343604254E-01   3.3036534970353073E+03   5.0147290644147691E-01   5.0000000000000000E+01   2.2110108598536184E-24   3.0507103164223253E-03   6.0350003206344822E-02   1.4391094734487738E-20   1.3399793896821867E-02   6.5295519950375933E+00   1.3020747309389215E+01   1.4456057533717694E+01
     930  1.3260686020168921E+00   5.8297493820549795E-01   2.6836845151500265E+03   5.0146147166260813E-01   5.0000000000000000E+01   1.9419508770166928E-24   3.0503576674274589E-03   6.0350003081836759E-02   1.6996293529908244E-20   1.3399794875668454E-02   6.5294330145837964E+00   1.3020806952879376E+01   1.4504615505277002E+01
     940  1.3683093182369954E+00   5.3625924904310429E-01   2.0888448905255204E+03   5.0144939121547294E-01   5.0000000000000000E+01   1.7337855883771080E-24   3.0500857755212736E-03   6.0350003548103603E-02   2.1057106737520302E-20   1.3399795403520867E-02   6.5292987482601044E+00   1.3020852881435108E+01   1.4564371453199277E+01
     950  1.4142712198150678E+00   4.8967063579189074E-01   1.5903546724332944E+03   5.0143805169928313E-01   5.0000000000000000E+01   1.5367342910212517E-24   3.0499126969749310E-03   6.0350004070212675E-02   2.6696589730952504E-20   1.3399795620277174E-02   6.5291657495989206E+00   1.3020882100419943E+01   1.4630561069817244E+01
     960  1.4695121034688132E+00   4.3900029198193746E-01   1.1459778735959067E+03   5.0142651947355477E-01   5.0000000000000000E+01   1.1606228494680247E-24   3.0498191590014518E-03   6.0350004444277745E-02   3.4830450722980822E-20   1.3399795699551987E-02   6.5290235033114348E+00   1.3020897882321629E+01   1.4711497886897055E+01
     970  1.5263102998589253E+00   3.9236312269971640E-01   8.1817527667497666E+02   5.0141661897454659E-01   5.0000000000000000E+01   6.0878153501828467E-25   3.0497882736009968E-03   6.0350004611676028E-02   4.3652125121637115E-20   1.3399795718958496E-02   6.5288971996771030E+00   1.3020903087079688E+01   1.4796138390462483E+01
     980  1.5830662686553272E+00   3.5070973348246420E-01   5.8428570765945653E+02   5.0140835727635102E-01   5.0000000000000000E+01   2.1193972549735373E-25   3.0497827688247226E-03   6.0350004679009674E-02   5.2057716707082168E-20   1.3399795722923135E-02   6.5287900868096012E+00   1.3020904008292906E+01   1.4882028352876750E+01
     990  1.6489680184843647E+00   3.0786004432476338E-01   3.9522261542873309E+02   5.0140043554093428E-01   5.0000000000000000E+01   4.2540339057768180E-26   3.0497860140914568E-03   6.0350004710649295E-02   6.0534430747386680E-20   1.3399795723649148E-02   6.5286866600236237E+00   1.3020903452590213E+01   1.4983252137465932E+01
    1000  1.7286046595166200E+00   2.6300482361812849E-01   2.4641829382511526E+02   5.0139274339127804E-01   5.0000000000000000E+01   4.5881508909138464E-27   3.0497921656517176E-03   6.0350004725167779E-02   6.8050558928090626E-20   1.3399795723727636E-02   6.5285859771124084E+00   1.3020902407155805E+01   1.5107486833047718E+01
    1010  1.8082412976634401E+00   2.2468501163503110E-01   1.5363993405383260E+02   5.0138661973902110E-01   5.0000000000000000E+01   4.1100448406421282E-28   3.0497972773262379E-03   6.0350004731580989E-02   7.2650249275047123E-20   1.3399795723731366E-02   6.5285058065602231E+00   1.3020901539414639E+01   1.5233565332658404E+01
    1020  1.8926136228549060E+00   1.9015932260732410E-01   9.3139664691273509E+01   5.0138142867910107E-01   5.0000000000000000E+01   2.6896680907783212E-29   3.0498011665188868E-03   6.0350004736103954E-02   7.5273589964962870E-20   1.3399795723731470E-02   6.5284378832903931E+00   1.3020900879259051E+01   1.5368887440680194E+01
    1030  1.9790155282750450E+00   1.6029434343493923E-01   5.5787435284004587E+01   5.0137715373484870E-01   5.0000000000000000E+01   1.3913483930903413E-30   3.0498039076990433E-03   6.0350004739940261E-02   7.6584157051795509E-20   1.3399795723731482E-02   6.5283819863237618E+00   1.3020900413858374E+01   1.5509070016561825E+01
    1040  2.0654202903351053E+00   1.3511896785350086E-01   3.3414176506291575E+01   5.0137366991984134E-01   5.0000000000000000E+01   2.4920201391126569E-27   3.0498057887714800E-03   6.0350004743296326E-02   7.7190867425417761E-20   1.3399795723731475E-02   6.5283364637300050E+00   1.3020900094365119E+01   1.5650648295320114E+01
    1050  2.1518269568217803E+00   1.1389713654262873E-01   2.0013369898716359E+01   5.0137078330103302E-01   5.0000000000000000E+01   3.2203242428817580E-28   3.0498070896229261E-03   6.0350004746263015E-02   7.7462201956100114E-20   1.3399795723731478E-02   6.5282987665247187E+00   1.3020899873310793E+01   1.5793416715648005E+01
    1060  2.2382351221814534E+00   9.6008128761628425E-02   1.1986870700046302E+01   5.0136835065934704E-01   5.0000000000000000E+01   3.4782003886677439E-29   3.0498079961586858E-03   6.0350004748890337E-02   7.7580661357931183E-20   1.3399795723731477E-02   6.5282670140584997E+00   1.3020899719167810E+01   1.5937198519924632E+01
    1070  2.3168831711321372E+00   8.2180232430658889E-02   7.5176811321590096E+00   5.0136644068194713E-01   5.0000000000000000E+01   3.7937224143504743E-30   3.0498085837297600E-03   6.0350004751020356E-02   7.7628309332410908E-20   1.3399795723731480E-02   6.5282420943075969E+00   1.3020899619187601E+01   1.6068818293935013E+01
    1080  2.3209145083227991E+00   8.1527733882503978E-02   7.3400314049891513E+00   5.0136634813698588E-01   5.0000000000000000E+01   3.3676735545451116E-30   3.0498086095025793E-03   6.0350004751123898E-02   7.7629949376541463E-20   1.3399795723731473E-02   6.5282408870893747E+00   1.3020899614800442E+01   1.6075582144502771E+01
    1090  2.3234532602934377E+00   8.1119481334250607E-02   7.2303163693500609E+00   5.0136628876061917E-01   5.0000000000000000E+01   3.1233502422377864E-30   3.0498086255210943E-03   6.0350004751188818E-02   7.7630949388315821E-20   1.3399795723731470E-02   6.5282401125885183E+00   1.3020899612073590E+01   1.6079842515845709E+01
    1100  2.3257430168269870E+00   8.0753023034974933E-02   7.1327692286557429E+00   5.0136623188737706E-01   5.0000000000000000E+01   2.9176531419261464E-30   3.0498086398265743E-03   6.0350004751247230E-02   7.7631829699922028E-20   1.3399795723731478E-02   6.5282393708267605E+00   1.3020899609638299E+01   1.6083685547629749E+01
    1110  2.3280082201736039E+00   8.0392123262345461E-02   7.0375631097984153E+00   5.0136616624171393E-01   5.0000000000000000E+01   2.7269896929085689E-30   3.0498086538468683E-03   6.0350004751304850E-02   7.7632680761071461E-20   1.3399795723731471E-02   6.5282385148644879E+00   1.3020899607251451E+01   1.6087487786076398E+01
    1120  2.3304287215949451E+00   8.0008263284082434E-02   6.9372338627253205E+00   5.0136607083687923E-01   5.0000000000000000E+01   2.5364862202695515E-30   3.0498086686843776E-03   6.0350004751366149E-02   7.7633568800862931E-20   1.3399795723731478E-02   6.5282372713412764E+00   1.3020899604725473E+01   1.6091551018222180E+01
    1130  2.3329221260109527E+00   7.9614758258853294E-02   6.8353781748775289E+00   5.0136593837042243E-01   5.0000000000000000E+01   2.3536293315960525E-30   3.0498086838148903E-03   6.0350004751429091E-02   7.7634461048536306E-20   1.3399795723731473E-02   6.5282355452173455E+00   1.3020899602149521E+01   1.6095736910134672E+01
    1140  2.3341275331229205E+00   7.9425217438709672E-02   6.7866748477163386E+00   5.0136587933418642E-01   5.0000000000000000E+01   2.2698313917639070E-30   3.0498086910761869E-03   6.0350004751459456E-02   7.7634884666334325E-20   1.3399795723731480E-02   6.5282347758926207E+00   1.3020899600913243E+01   1.6097760788774870E+01
    1150  2.3348812531854830E+00   7.9306930225983494E-02   6.7563979947368784E+00   5.0136585089989205E-01   5.0000000000000000E+01   2.2188962170917620E-30   3.0498086955987719E-03   6.0350004751478344E-02   7.7635146993458835E-20   1.3399795723731487E-02   6.5282344052664856E+00   1.3020899600143268E+01   1.6099026431878926E+01
    1160  2.3354366428204720E+00   7.9219881310969298E-02   6.7341745220344800E+00   5.0136583417985148E-01   5.0000000000000000E+01   2.1820673434163196E-30   3.0498086989224978E-03   6.0350004751492291E-02   7.7635339034334995E-20   1.3399795723731487E-02   6.5282341872728074E+00   1.3020899599577394E+01   1.6099959112379327E+01
    1170  2.3358843645261524E+00   7.9149777276433436E-02   6.7163125226337632E+00   5.0136582255171125E-01   5.0000000000000000E+01   2.1528057182957715E-30   3.0498087015964309E-03   6.0350004751503525E-02   7.7635493069386747E-20   1.3399795723731466E-02   6.5282340356357027E+00   1.3020899599122124E+01   1.6100711021390246E+01
    1180  2.3362740854886033E+00   7.9088805473065391E-02   6.7008030546902067E+00   5.0136581322639728E-01   5.0000000000000000E+01   2.1276416324009087E-30   3.0498087039200019E-03   6.0350004751513309E-02   7.7635626585635254E-20   1.3399795723731489E-02   6.5282339140133931E+00   1.3020899598726533E+01   1.6101365546009305E+01
    1190  2.3366527686556022E+00   7.9029605524085167E-02   6.6857671590135812E+00   5.0136580452940360E-01   5.0000000000000000E+01   2.1034607548219063E-30   3.0498087061742148E-03   6.0350004751522808E-02   7.7635755816630316E-20   1.3399795723731480E-02   6.5282338005782838E+00   1.3020899598342730E+01   1.6102001550109186E+01
    1200  2.3396575576691001E+00   7.8561431698365727E-02   6.5676495889729223E+00   5.0136573743100199E-01   5.0000000000000000E+01   1.9207190882494255E-30   3.0498087239053864E-03   6.0350004751597942E-02   7.7636759329993024E-20   1.3399795723731473E-02   6.5282329253831355E+00   1.3020899595323780E+01   1.6107048638075309E+01
    1210  2.3520057385619748E+00   7.6666411080145533E-02   6.1037565809319458E+00   5.0136546328595255E-01   5.0000000000000000E+01   1.3174105338764698E-30   3.0498087941673610E-03   6.0350004751902761E-02   7.7640525515184684E-20   1.3399795723731477E-02   6.5282293497695560E+00   1.3020899583359617E+01   1.6127798562829010E+01
    1220  2.3542071947445562E+00   7.6333396571047457E-02   6.0245632373150215E+00   5.0136541368133092E-01   5.0000000000000000E+01   1.2310209550710654E-30   3.0498088064078088E-03   6.0350004751956628E-02   7.7641159183379467E-20   1.3399795723731475E-02   6.5282287028276924E+00   1.3020899581275183E+01   1.6131499377856404E+01
    1230  2.3552357004917037E+00   7.6178310545476371E-02   5.9879176025195875E+00   5.0136539077222642E-01   5.0000000000000000E+01   1.1925492180323290E-30   3.0498088120904081E-03   6.0350004751981712E-02   7.7641450596018259E-20   1.3399795723731464E-02   6.5282284040453726E+00   1.3020899580307482E+01   1.6133228529272557E+01
    1240  2.3559230421497981E+00   7.6074843557008165E-02   5.9635519783774820E+00   5.0136537564976369E-01   5.0000000000000000E+01   1.1674850063629374E-30   3.0498088158750119E-03   6.0350004751998497E-02   7.7641643682517308E-20   1.3399795723731484E-02   6.5282282068141759E+00   1.3020899579662990E+01   1.6134384162275875E+01
    1250  2.3790658271677958E+00   7.2671934695270418E-02   5.1985469660507349E+00   5.0136488441771632E-01   5.0000000000000000E+01   5.6488164174069924E-31   3.0498089358643038E-03   6.0350004752551617E-02   7.7647237005821596E-20   1.3399795723731478E-02   6.5282218002845109E+00   1.3020899559225761E+01   1.6173319372734603E+01
    1260  2.4654846574750495E+00   6.1256582372538740E-02   3.1134370848228050E+00   5.0136319185853451E-01   5.0000000000000000E+01   3.0647945583496699E-32   3.0498092958373621E-03   6.0350004754462477E-02   7.7659293984133955E-20   1.3399795723731485E-02   6.5281997308801900E+00   1.3020899497870587E+01   1.6319109808329490E+01
    1270  2.4756637149552398E+00   6.0035936099739916E-02   2.9309989656190738E+00   5.0136300582966986E-01   5.0000000000000000E+01   1.9351119168118818E-32   3.0498093311871000E-03   6.0350004754673801E-02   7.7660155554676845E-20   1.3399795723731484E-02   6.5281973055942375E+00   1.3020899491841416E+01   1.6336320595487756E+01
    1280  2.4991759279206396E+00   5.7308585218171025E-02   2.5494169357781766E+00   5.0136258631824171E-01   5.0000000000000000E+01   3.3550566056940972E-40   3.0498094073567561E-03   6.0350004755150163E-02   7.7661812469944444E-20   1.3399795723731490E-02   6.5281918366629643E+00   1.3020899478846570E+01   1.6376103833445320E+01
    1290  2.5440642143794734E+00   5.2440997261356787E-02   1.9534155075426813E+00   5.0136181993009576E-01   5.0000000000000000E+01   3.2530217255171716E-41   3.0498095338387337E-03   6.0350004756015693E-02   7.7663994873589121E-20   1.3399795723731475E-02   6.5281818467750750E+00   1.3020899457255613E+01   1.6452161701661709E+01
    1300  2.6285149709568301E+00   4.4375893109683373E-02   1.1836495175527280E+00   5.0136048393842148E-01   5.0000000000000000E+01   4.6012264081538977E-43   3.0498097178236518E-03   6.0350004757500270E-02   7.7666035494049690E-20   1.3399795723731484E-02   6.5281644351964205E+00   1.3020899425810379E+01   1.6595594916669661E+01
    1310  2.7149436072705719E+00   3.7404575157057002E-02   7.0885267766978732E-01   5.0135923225921908E-01   5.0000000000000000E+01   7.9576062072053529E-44   3.0498098530101396E-03   6.0350004758848816E-02   7.7666841622654774E-20   1.3399795723731489E-02   6.5281481256016090E+00   1.3020899402661687E+01   1.6742789463372354E+01
    1320  2.8013741917970223E+00   3.1528308610188488E-02   4.2450599107184744E-01   5.0135807529050969E-01   5.0000000000000000E+01   4.0374745285136336E-44   3.0498099499902398E-03   6.0350004760044478E-02   7.7667140332843180E-20   1.3399795723731478E-02   6.5281330524832839E+00   1.3020899386016602E+01   1.6890331705961025E+01
    1330  2.8878079714423848E+00   2.6575036859862268E-02   2.5421632244692643E-01   5.0135699588409932E-01   5.0000000000000000E+01   2.0132343949937940E-44   3.0498100197406154E-03   6.0350004761104629E-02   7.7667247547719294E-20   1.3399795723731485E-02   6.5281189916219962E+00   1.3020899374011121E+01   1.7038170467986042E+01
    1340  2.9742417510877468E+00   2.2399951511348035E-02   1.5223798946927405E-01   5.0135598078465571E-01   5.0000000000000000E+01   9.5942549683302546E-45   3.0498100700230082E-03   6.0350004762044857E-02   7.7667284739841288E-20   1.3399795723731485E-02   6.5281057697602671E+00   1.3020899365326617E+01   1.7186255109189648E+01
    1350  3.0606755307331110E+00   1.8880795174684144E-02   9.1168046231512478E-02   5.0135501958581508E-01   5.0000000000000000E+01   4.3569638531089091E-45   3.0498101063519902E-03   6.0350004762878807E-02   7.7667297181076390E-20   1.3399795723731478E-02   6.5280932509279923E+00   1.3020899359025876E+01   1.7334547372052217E+01
    1360  3.1471093103784740E+00   1.5914517772405830E-02   5.4596179853970063E-02   5.0135410407214143E-01   5.0000000000000000E+01   1.8800337188217043E-45   3.0498101326566097E-03   6.0350004763618660E-02   7.7667301184596798E-20   1.3399795723731475E-02   6.5280813278177661E+00   1.3020899354440647E+01   1.7483014892196408E+01
    1370  3.2335430900238360E+00   1.3414258964464304E-02   3.2695039302232567E-02   5.0135322769716406E-01   5.0000000000000000E+01   7.6848961349299081E-46   3.0498101517443406E-03   6.0350004764275142E-02   7.7667302420775023E-20   1.3399795723731480E-02   6.5280699149491195E+00   1.3020899351093171E+01   1.7631630306715127E+01
    1380  3.3199768696692002E+00   1.1306804650890033E-02   1.9579494349855790E-02   5.0135238519393888E-01   5.0000000000000000E+01   2.9662638452541537E-46   3.0498101656262458E-03   6.0350004764857752E-02   7.7667302786047522E-20   1.3399795723731487E-02   6.5280589435699152E+00   1.3020899348640778E+01   1.7780370492668094E+01
    1390  3.4124114807241224E+00   1.0000000000000000E-02   1.1315169530082341E-02   5.0135142426019463E-01   5.0000000000000000E+01   1.4408450552114251E-46   3.0498101763146643E-03   6.0350004765405953E-02   7.7667302895943720E-20   1.3399795723731482E-02   6.5280464303932328E+00   1.3020899346735691E+01   1.7884552275251313E+01
    1400  3.5155408326300615E+00   1.0000000000000000E-02   6.1371631457158796E-03   5.0135008197618858E-01   5.0000000000000000E+01   1.4409438677848739E-46   3.0498101846830137E-03   6.0350004765907225E-02   7.7667302951891600E-20   1.3399795723731468E-02   6.5280289518943793E+00   1.3020899345231905E+01   1.7884552275251313E+01
    1410  3.6537509724110535E+00   1.0000000000000000E-02   2.7033060319738267E-03   5.0134833759960196E-01   5.0000000000000000E+01   1.4411237245613187E-46   3.0498101919544112E-03   6.0350004766420128E-02   7.7667302988621034E-20   1.3399795723731470E-02   6.5280062378807591E+00   1.3020899343912109E+01   1.7884552275251313E+01
    1420  3.7919611121920456E+00   1.0000000000000000E-02   1.1907559452134480E-03   5.0134664486019653E-01   5.0000000000000000E+01   1.4413356084980344E-46   3.0498101964042076E-03   6.0350004766798408E-02   7.7667303004797859E-20   1.3399795723731489E-02   6.5279841964809737E+00   1.3020899343093566E+01   1.7884552275251313E+01
    1430  3.9301712519730416E+00   1.0000000000000000E-02   5.2450581040055534E-04   5.0134499584108172E-01   5.0000000000000000E+01   1.4415627040859625E-46   3.0498101991393227E-03   6.0350004767078323E-02   7.7667303011922849E-20   1.3399795723731477E-02   6.5279627245127871E+00   1.3020899342582375E+01   1.7884552275251313E+01
    1440  4.1305609372936809E+00   1.0000000000000000E-02   1.5976584229499929E-04   5.0134267203430338E-01   5.0000000000000000E+01   1.4418947677209406E-46   3.0498102013438227E-03   6.0350004767360077E-02   7.7667303015748925E-20   1.3399795723731477E-02   6.5279324662473135E+00   1.3020899342160833E+01   1.7884552275251313E+01
    1450  4.3931301681539621E+00   1.0000000000000000E-02   3.3652989331351619E-05   5.0133972540733096E-01   5.0000000000000000E+01   1.4422876297032261E-46   3.0498102026859006E-03   6.0350004767589657E-02   7.7667303017047676E-20   1.3399795723731482E-02   6.5278940983805303E+00   1.3020899341894383E+01   1.7884552275251313E+01
    1460  4.6556993990142432E+00   1.0000000000000000E-02   7.0886472018525952E-06   5.0133686946814315E-01   5.0000000000000000E+01   1.4425396378397138E-46   3.0498102032668526E-03   6.0350004767727346E-02   7.7667303017321230E-20   1.3399795723731478E-02   6.5278569114227745E+00   1.3020899341772552E+01   1.7884552275251313E+01
    1470  4.9182686298745244E+00   1.0000000000000000E-02   1.4931487558972953E-06   5.0133408852486339E-01   5.0000000000000000E+01   1.4425487243701134E-46   3.0498102035347060E-03   6.0350004767813305E-02   7.7667303017378876E-20   1.3399795723731471E-02   6.5278207010101870E+00   1.3020899341712553E+01   1.7884552275251313E+01
    1480  5.3267406740339975E+00   1.0000000000000000E-02   1.3235843042759030E-07   5.0132988646022181E-01   5.0000000000000000E+01   1.4421348944257921E-46   3.0498102037186774E-03   6.0350004767892707E-02   7.7667303017392333E-20   1.3399795723731485E-02   6.5277659863270943E+00   1.3020899341667899E+01   1.7884552275251313E+01
    1490  5.7351149930482430E+00   1.0000000000000000E-02   1.1739562454217956E-08   5.0132580511750990E-01   5.0000000000000000E+01   1.4415144905994754E-46   3.0498102038108411E-03   6.0350004767940800E-02   7.7667303017393501E-20   1.3399795723731485E-02   6.5277128435625613E+00   1.3020899341644126E+01   1.7884552275251313E+01
    1500  6.2045270523671165E+00   1.0000000000000000E-02   7.2493646227852021E-10   5.0132123267477924E-01   5.0000000000000000E+01   1.4407538856113173E-46   3.0498102038841570E-03   6.0350004767978319E-02   7.7667303017393669E-20   1.3399795723731490E-02   6.5276533062366253E+00   1.3020899341625340E+01   1.7884552275251313E+01
    1510  6.8159646182581657E+00   1.0000000000000000E-02   1.9277288503347592E-11   5.0131542736040169E-01   5.0000000000000000E+01   1.4397554889395716E-46   3.0498102039651278E-03   6.0350004768013638E-02   7.7667303017393669E-20   1.3399795723731489E-02   6.5275777158126003E+00   1.3020899341605608E+01   1.7884552275251313E+01
    1520  7.4268991677088483E+00   1.0000000000000000E-02   5.1414767630497411E-13   5.0130975846469561E-01   5.0000000000000000E+01   1.4387580352630213E-46   3.0498102040411477E-03   6.0350004768040595E-02   7.7667303017393669E-20   1.3399795723731478E-02   6.5275039016835068E+00   1.3020899341588143E+01   1.7884552275251313E+01
    1530  8.0375460797334437E+00   1.0000000000000000E-02   1.3736334292130053E-14   5.0130419555311523E-01   5.0000000000000000E+01   1.4377617209852905E-46   3.0498102041150669E-03   6.0350004768062092E-02   7.7667303017393669E-20   1.3399795723731484E-02   6.5274314675636997E+00   1.3020899341571996E+01   1.7884552275251313E+01
    1540  8.8088386834898866E+00   1.0000000000000000E-02   1.4150780247052153E-16   5.0129728675149809E-01   5.0000000000000000E+01   1.4365042985541996E-46   3.0498102042064382E-03   6.0350004768083457E-02   7.7667303017393657E-20   1.3399795723731485E-02   6.5273415087437101E+00   1.3020899341552854E+01   1.7884552275251313E+01
    1550  9.7333175435233752E+00   1.0000000000000000E-02   5.8753577641946529E-19   5.0128914037824668E-01   5.0000000000000000E+01   1.4349986021089544E-46   3.0498102043134620E-03   6.0350004768102705E-02   7.7667303017393657E-20   1.3399795723731492E-02   6.5272354356269187E+00   1.3020899341531466E+01   1.7884552275251313E+01
    1560  1.0715792823959898E+01   1.0000000000000000E-02   1.7293040866453210E-21   5.0128060751134584E-01   5.0000000000000000E+01   1.4334001813236014E-46   3.0498102044244461E-03   6.0350004768117582E-02   7.7667303017393657E-20   1.3399795723731482E-02   6.5271243300152486E+00   1.3020899341510127E+01   1.7884552275251313E+01
    1570  1.1769248612150701E+01   1.0000000000000000E-02   3.3407230832611728E-24   5.0127157166653991E-01   5.0000000000000000E+01   1.4316882660219040E-46   3.0498102045404497E-03   6.0350004768128920E-02   7.7667303017393657E-20   1.3399795723731489E-02   6.5270066751787752E+00   1.3020899341488510E+01   1.7884552275251313E+01
    1580  1.2988325593822903E+01   1.0000000000000000E-02   2.4161155691552266E-27   5.0126123538139211E-01   5.0000000000000000E+01   1.4297097776077105E-46   3.0498102046709677E-03   6.0350004768137941E-02   7.7667303017393657E-20   1.3399795723731489E-02   6.5268720874384902E+00   1.3020899341464860E+01   1.7884552275251313E+01
    1590  1.4207402575495106E+01   1.0000000000000000E-02   1.7474104551687636E-30   5.0125100774465192E-01   5.0000000000000000E+01   1.4277340233197215E-46   3.0498102047976836E-03   6.0350004768143950E-02   7.7667303017393657E-20   1.3399795723731487E-02   6.5267389143987709E+00   1.3020899341442377E+01   1.7884552275251313E+01
    1600  1.5619800579295937E+01   1.0000000000000000E-02   4.0143650978760766E-34   5.0123927841636828E-01   5.0000000000000000E+01   1.4254483983270258E-46   3.0498102049398880E-03   6.0350004768148467E-02   7.7667303017393645E-20   1.3399795723731485E-02   6.5265861879834262E+00   1.3020899341417504E+01   1.7884552275251313E+01
    1610  1.7322180116289712E+01   1.0000000000000000E-02   1.6510334595975757E-38   5.0122529573839192E-01   5.0000000000000000E+01   1.4226984097098534E-46   3.0498102051049959E-03   6.0350004768151722E-02   7.7667303017393633E-20   1.3399795723731484E-02   6.5264041209267303E+00   1.3020899341388962E+01   1.7884552275251313E+01
    1620  1.9024559653283486E+01   1.0000000000000000E-02   6.7903925483832222E-43   5.0121146884215240E-01   5.0000000000000000E+01   1.4199537263968948E-46   3.0498102052635731E-03   6.0350004768153574E-02   7.7667303017393609E-20   1.3399795723731482E-02   6.5262240822890156E+00   1.3020899341361737E+01   1.7884552275251313E+01
    1630  2.1133158796086391E+01   1.0000000000000000E-02   2.5089118558336076E-48   5.0119454899251381E-01   5.0000000000000000E+01   1.4165615320556933E-46   3.0498102054512533E-03   6.0350004768154830E-02   7.7667303017393597E-20   1.3399795723731484E-02   6.5260037706140182E+00   1.3020899341329701E+01   1.7884552275251313E+01
    1640  2.3341983618918725E+01   1.0000000000000000E-02   5.1152079560767280E-54   5.0117705769475751E-01   5.0000000000000000E+01   1.4130168069168473E-46   3.0498102056380886E-03   6.0350004768155455E-02   7.7667303017393597E-20   1.3399795723731489E-02   6.5257760181707436E+00   1.3020899341297945E+01   1.7884552275251313E+01
    1650  2.5550043957474227E+01   1.0000000000000000E-02   1.0476367754506420E-59   5.0115980242906633E-01   5.0000000000000000E+01   1.4094821739923862E-46   3.0498102058153995E-03   6.0350004768155760E-02   7.7667303017393597E-20   1.3399795723731484E-02   6.5255513390780520E+00   1.3020899341267819E+01   1.7884552275251313E+01
    1660  2.7858690906531010E+01   1.0000000000000000E-02   1.1814508921080106E-65   5.0114200127420450E-01   5.0000000000000000E+01   1.4057960074842490E-46   3.0498102059911725E-03   6.0350004768155920E-02   7.7667303017393597E-20   1.3399795723731482E-02   6.5253195520175655E+00   1.3020899341237982E+01   1.7884552275251313E+01
    1670  3.1075886350825321E+01   1.0000000000000000E-02   6.0801757896509242E-74   5.0111759843128578E-01   5.0000000000000000E+01   1.4006755052108230E-46   3.0498102062205264E-03   6.0350004768155989E-02   7.7667303017393573E-20   1.3399795723731490E-02   6.5250018050369025E+00   1.3020899341199112E+01   1.7884552275251313E+01
    1680  3.5189001602634868E+01   1.0000000000000000E-02   1.5390316801524078E-84   5.0108706319286533E-01   5.0000000000000000E+01   1.3941565638276442E-46   3.0498102064893400E-03   6.0350004768156024E-02   7.7667303017393573E-20   1.3399795723731471E-02   6.5246042087483627E+00   1.3020899341153498E+01   1.7884552275251313E+01
    1690  3.9805608511715420E+01   1.0000000000000000E-02   1.9652931326980888E-96   5.0105364070496616E-01   5.0000000000000000E+01   1.3868759420329107E-46   3.0498102067616317E-03   6.0350004768156038E-02   7.7667303017393573E-20   1.3399795723731477E-02   6.5241690178747165E+00   1.3020899341107334E+01   1.7884552275251313E+01
    1700  4.5108957861412449E+01   1.0000000000000000E-02   1.0000000000000000E-99   5.0101631883247277E-01   5.0000000000000000E+01   1.3785595469490849E-46   3.0498102070399681E-03   6.0350004768156044E-02   7.7667303017393573E-20   1.3399795723731487E-02   6.5236830535062813E+00   1.3020899341060161E+01   1.7884552275251313E+01
    1710  5.0823478210434189E+01   1.0000000000000000E-02   1.0000000000000000E-99   5.0097733184887050E-01   5.0000000000000000E+01   1.3696543786727386E-46   3.0498102073035671E-03   6.0350004768156044E-02   7.7667303017393561E-20   1.3399795723731489E-02   6.5231754078949677E+00   1.3020899341015449E+01   1.7884552275251313E+01
    1720  6.5661651233038484E+01   1.0000000000000000E-02   1.0000000000000000E-99   5.0088190888468886E-01   5.0000000000000000E+01   1.3468117416666574E-46   3.0498102078392255E-03   6.0350004768156065E-02   7.7667303017393561E-20   1.3399795723731473E-02   6.5219329150384704E+00   1.3020899340924625E+01   1.7884552275251313E+01
    1730  8.1964176171232751E+01   1.0000000000000000E-02   1.0000000000000000E-99   5.0078552618142491E-01   5.0000000000000000E+01   1.3221548364783810E-46   3.0498102082503150E-03   6.0350004768156079E-02   7.7667303017393561E-20   1.3399795723731485E-02   6.5206779255265888E+00   1.3020899340854930E+01   1.7884552275251313E+01
    1740  1.1151069145991839E+02   1.0000000000000000E-02   1.0000000000000000E-99   5.0063108155905456E-01   5.0000000000000000E+01   1.2786536463170626E-46   3.0498102086899265E-03   6.0350004768156086E-02   7.7667303017393561E-20   1.3399795723731484E-02   6.5186669176083436E+00   1.3020899340780387E+01   1.7884552275251313E+01
    1750  1.5104069211145654E+02   1.0000000000000000E-02   1.0000000000000000E-99   5.0045725881699465E-01   5.0000000000000000E+01   1.2227021039128227E-46   3.0498102089629134E-03   6.0350004768156086E-02   7.7667303017393561E-20   1.3399795723731480E-02   6.5164035891584602E+00   1.3020899340734118E+01   1.7884552275251313E+01
    1760  1.9461014537436793E+02   1.0000000000000000E-02   1.0000000000000000E-99   5.0029999596493635E-01   5.0000000000000000E+01   1.1638785743178656E-46   3.0498102090824458E-03   6.0350004768156093E-02   7.7667303017393585E-20   1.3399795723731482E-02   6.5143558853823320E+00   1.3020899340713832E+01   1.7884552275251313E+01
    1770  2.3918946179012264E+02   1.0000000000000000E-02   1.0000000000000000E-99   5.0016792527171405E-01   5.0000000000000000E+01   1.1066225258466148E-46   3.0498102091285556E-03   6.0350004768156100E-02   7.7667303017393585E-20   1.3399795723731482E-02   6.5126362061767109E+00   1.3020899340706032E+01   1.7884552275251313E+01
    1780  2.8420156622888760E+02   1.0000000000000000E-02   1.0000000000000000E-99   5.0005755906198135E-01   5.0000000000000000E+01   1.0516693335532847E-46   3.0498102091458825E-03   6.0350004768156100E-02   7.7667303017393585E-20   1.3399795723731478E-02   6.5111991388681858E+00   1.3020899340703084E+01   1.7884552275251313E+01
    1790  3.3094482275969432E+02   1.0000000000000000E-02   1.0000000000000000E-99   4.9996202079438656E-01   5.0000000000000000E+01   9.9749424424346903E-47   3.0498102091524532E-03   6.0350004768156100E-02   7.7667303017393597E-20   1.3399795723731496E-02   6.5099551447025243E+00   1.3020899340701991E+01   1.7884552275251313E+01
    1800  3.7768807929050092E+02   1.0000000000000000E-02   1.0000000000000000E-99   4.9988164977521338E-01   5.0000000000000000E+01   9.4610989933219027E-47   3.0498102091548137E-03   6.0350004768156114E-02   7.7667303017393573E-20   1.3399795723731490E-02   6.5089086417521296E+00   1.3020899340701598E+01   1.7884552275251313E+01
    1810  4.2443133582130741E+02   1.0000000000000000E-02   1.0000000000000000E-99   4.9981318795619556E-01   5.0000000000000000E+01   8.9737253801725650E-47   3.0498102091556629E-03   6.0350004768156107E-02   7.7667303017393573E-20   1.3399795723731490E-02   6.5080172072982387E+00   1.3020899340701432E+01   1.7884552275251313E+01
    1820  4.7117459235211402E+02   1.0000000000000000E-02   1.0000000000000000E-99   4.9975413824377257E-01   5.0000000000000000E+01   8.5114580510777455E-47   3.0498102091559695E-03   6.0350004768156107E-02   7.7667303017393573E-20   1.3399795723731490E-02   6.5072483269369235E+00   1.3020899340701396E+01   1.7884552275251313E+01
    1830  5.1791784888292068E+02   1.0000000000000000E-02   1.0000000000000000E-99   4.9970257426558212E-01   5.0000000000000000E+01   8.0730036953574623E-47   3.0498102091560818E-03   6.0350004768156107E-02   7.7667303017393561E-20   1.3399795723731478E-02   6.5065769175675214E+00   1.3020899340701378E+01   1.7884552275251313E+01
    1840  5.6466110541372768E+02   1.0000000000000000E-02   1.0000000000000000E-99   4.9965700153810477E-01   5.0000000000000000E+01   7.6571356251944174E-47   3.0498102091561221E-03   6.0350004768156093E-02   7.7667303017393561E-20   1.3399795723731489E-02   6.5059835196705640E+00   1.3020899340701380E+01   1.7884552275251313E+01
    1850  6.3398268637998808E+02   1.0000000000000000E-02   1.0000000000000000E-99   4.9959818764610553E-01   5.0000000000000000E+01   7.0804412191481528E-47   3.0498102091561386E-03   6.0350004768156093E-02   7.7667303017393561E-20   1.3399795723731489E-02   6.5052177099032598E+00   1.3020899340701357E+01   1.7884552275251313E+01
    1860  7.2588259178170188E+02   1.0000000000000000E-02   1.0000000000000000E-99   4.9953190067835118E-01   5.0000000000000000E+01   6.3828861460980416E-47   3.0498102091561416E-03   6.0350004768156093E-02   7.7667303017393537E-20   1.3399795723731484E-02   6.5043545939688228E+00   1.3020899340701355E+01   1.7884552275251313E+01
    1870  8.1778249718341567E+02   1.0000000000000000E-02   1.0000000000000000E-99   4.9947493241575686E-01   5.0000000000000000E+01   5.7540532140667749E-47   3.0498102091561412E-03   6.0350004768156086E-02   7.7667303017393537E-20   1.3399795723731503E-02   6.5036128159562336E+00   1.3020899340701376E+01   1.7884552275251313E+01
    1880  9.0968240258512947E+02   1.0000000000000000E-02   1.0000000000000000E-99   4.9942453878442788E-01   5.0000000000000000E+01   5.1871720147401210E-47   3.0498102091561412E-03   6.0350004768156072E-02   7.7667303017393537E-20   1.3399795723731489E-02   6.5029566455555123E+00   1.3020899340701371E+01   1.7884552275251313E+01
    1890  1.0015823079868433E+03   1.0000000000000000E-02   1.0000000000000000E-99   4.9937894907629143E-01   5.0000000000000000E+01   4.6761391508727942E-47   3.0498102091561412E-03   6.0350004768156072E-02   7.7667303017393537E-20   1.3399795723731487E-02   6.5023630265550896E+00   1.3020899340701343E+01   1.7884552275251313E+01
    1900  1.0934822133885577E+03   1.0000000000000000E-02   1.0000000000000000E-99   4.9933700602919173E-01   5.0000000000000000E+01   4.2154525232996065E-47   3.0498102091561412E-03   6.0350004768156072E-02   7.7667303017393549E-20   1.3399795723731489E-02   6.5018168903609546E+00   1.3020899340701378E+01   1.7884552275251313E+01
    1910  1.1853821187902722E+03   1.0000000000000000E-02   1.0000000000000000E-99   4.9929794249319925E-01   5.0000000000000000E+01   3.8001520918974929E-47   3.0498102091561412E-03   6.0350004768156072E-02   7.7667303017393537E-20   1.3399795723731487E-02   6.5013082479910835E+00   1.3020899340701382E+01   1.7884552275251313E+01
    1920  1.2875541112750484E+03   1.0000000000000000E-02   1.0000000000000000E-99   4.9925728300457994E-01   5.0000000000000000E+01   3.3865405962993822E-47   3.0498102091561408E-03   6.0350004768156065E-02   7.7667303017393549E-20   1.3399795723731494E-02   6.5007788248827021E+00   1.3020899340701362E+01   1.7884552275251313E+01
    1930  1.4051342343844176E+03   1.0000000000000000E-02   1.0000000000000000E-99   4.9921350400405512E-01   5.0000000000000000E+01   2.9662611980134785E-47   3.0498102091561403E-03   6.0350004768156072E-02   7.7667303017393549E-20   1.3399795723731492E-02   6.5002087829238251E+00   1.3020899340701360E+01   1.7884552275251313E+01
    1940  1.5227143574937868E+03   1.0000000000000000E-02   1.0000000000000000E-99   4.9917246876964205E-01   5.0000000000000000E+01   2.5981396781290855E-47   3.0498102091561395E-03   6.0350004768156051E-02   7.7667303017393549E-20   1.3399795723731482E-02   6.4996744672673046E+00   1.3020899340701376E+01   1.7884552275251313E+01
    1950  1.6402944806031560E+03   1.0000000000000000E-02   1.0000000000000000E-99   4.9913384905134023E-01   5.0000000000000000E+01   2.2757030943834081E-47   3.0498102091561386E-03   6.0350004768156031E-02   7.7667303017393549E-20   1.3399795723731492E-02   6.4991716038029033E+00   1.3020899340701373E+01   1.7884552275251313E+01
    1960  1.7578746037125252E+03   1.0000000000000000E-02   1.0000000000000000E-99   4.9909740886490883E-01   5.0000000000000000E+01   1.9932818152084404E-47   3.0498102091561382E-03   6.0350004768156031E-02   7.7667303017393549E-20   1.3399795723731487E-02   6.4986971198035768E+00   1.3020899340701357E+01   1.7884552275251313E+01
    1970  1.9286901906296696E+03   1.0000000000000000E-02   1.0000000000000000E-99   4.9904806290767012E-01   5.0000000000000000E+01   1.6453810725308080E-47   3.0498102091561377E-03   6.0350004768156038E-02   7.7667303017393537E-20   1.3399795723731487E-02   6.4980545910617273E+00   1.3020899340701366E+01   1.7884552275251313E+01
    1980  2.1349960867519967E+03   1.0000000000000000E-02   1.0000000000000000E-99   4.9899350108033191E-01   5.0000000000000000E+01   1.3055517205608157E-47   3.0498102091561382E-03   6.0350004768156031E-02   7.7667303017393537E-20   1.3399795723731485E-02   6.4973441470003515E+00   1.3020899340701348E+01   1.7884552275251313E+01
    1990  2.3413019828743227E+03   1.0000000000000000E-02   1.0000000000000000E-99   4.9894385504851996E-01   5.0000000000000000E+01   1.0359091419701450E-47   3.0498102091561386E-03   6.0350004768156031E-02   7.7667303017393537E-20   1.3399795723731490E-02   6.4966977110176849E+00   1.3020899340701362E+01   1.7884552275251313E+01
    2000  2.5476078789966487E+03   1.0000000000000000E-02   1.0000000000000000E-99   4.9889862773413191E-01   5.0000000000000000E+01   8.2195728711257453E-48   3.0498102091561382E-03   6.0350004768156031E-02   7.7667303017393513E-20   1.3399795723731492E-02   6.4961088107097904E+00   1.3020899340701350E+01   1.7884552275251313E+01
    2010  2.7539137751189746E+03   1.0000000000000000E-02   1.0000000000000000E-99   4.9885738613683184E-01   5.0000000000000000E+01   6.5219405299633365E-48   3.0498102091561382E-03   6.0350004768156031E-02   7.7667303017393513E-20   1.3399795723731492E-02   6.4955718080228779E+00   1.3020899340701348E+01   1.7884552275251313E+01
    2020  2.9602196712413006E+03   1.0000000000000000E-02   1.0000000000000000E-99   4.9881974538507895E-01   5.0000000000000000E+01   5.1749292747072887E-48   3.0498102091561377E-03   6.0350004768156031E-02   7.7667303017393477E-20   1.3399795723731494E-02   6.4950816915833700E+00   1.3020899340701371E+01   1.7884552275251313E+01
    2030  3.1665255673636266E+03   1.0000000000000000E-02   1.0000000000000000E-99   4.9878536022246422E-01   5.0000000000000000E+01   4.1061234574570779E-48   3.0498102091561373E-03   6.0350004768156038E-02   7.7667303017393465E-20   1.3399795723731490E-02   6.4946339658423042E+00   1.3020899340701375E+01   1.7884552275251313E+01
    2040  3.3728314634859526E+03   1.0000000000000000E-02   1.0000000000000000E-99   4.9875391962986715E-01   5.0000000000000000E+01   3.2580638213326961E-48   3.0498102091561377E-03   6.0350004768156044E-02   7.7667303017393465E-20   1.3399795723731503E-02   6.4942245810510224E+00   1.3020899340701353E+01   1.7884552275251313E+01
    2050  3.7361020617963281E+03   1.0000000000000000E-02   1.0000000000000000E-99   4.9870512991209875E-01   5.0000000000000000E+01   2.1808874252135816E-48   3.0498102091561377E-03   6.0350004768156038E-02   7.7667303017393465E-20   1.3399795723731484E-02   6.4935892950473129E+00   1.3020899340701350E+01   1.7884552275251313E+01
    2060  4.3968549998380431E+03   1.0000000000000000E-02   1.0000000000000000E-99   4.9863341528596006E-01   5.0000000000000000E+01   1.0585578168397334E-48   3.0498102091561377E-03   6.0350004768156038E-02   7.7667303017393465E-20   1.3399795723731480E-02   6.4926555061194264E+00   1.3020899340701348E+01   1.7884552275251313E+01
    2070  5.0576079378797576E+03   1.0000000000000000E-02   1.0000000000000000E-99   4.9857818610069543E-01   5.0000000000000000E+01   5.1380215165519784E-49   3.0498102091561377E-03   6.0350004768156038E-02   7.7667303017393465E-20   1.3399795723731485E-02   6.4919363724576744E+00   1.3020899340701348E+01   1.7884552275251313E+01
    2080  5.7183608759214721E+03   1.0000000000000000E-02   1.0000000000000000E-99   4.9853498047331246E-01   5.0000000000000000E+01   2.4938897700802649E-49   3.0498102091561377E-03   6.0350004768156038E-02   7.7667303017393465E-20   1.3399795723731487E-02   6.4913737963327671E+00   1.3020899340701375E+01   1.7884552275251313E+01
    2090  6.3791138139631867E+03   1.0000000000000000E-02   1.0000000000000000E-99   4.9850054877552313E-01   5.0000000000000000E+01   1.2104827053127575E-49   3.0498102091561377E-03   6.0350004768156038E-02   7.7667303017393465E-20   1.3399795723731496E-02   6.4909254646618759E+00   1.3020899340701359E+01   1.7884552275251313E+01
    2100  7.0475129896909802E+03   1.0000000000000000E-02   1.0000000000000000E-99   4.9847223194039009E-01   5.0000000000000000E+01   5.8284020332451122E-50   3.0498102091561377E-03   6.0350004768156038E-02   7.7667303017393465E-20   1.3399795723731496E-02   6.4905567540020925E+00   1.3020899340701373E+01   1.7884552275251313E+01
    2110  7.7847283045934928E+03   1.0000000000000000E-02   1.0000000000000000E-99   4.9844649602985325E-01   5.0000000000000000E+01   2.6105174855570531E-50   3.0498102091561386E-03   6.0350004768156038E-02   7.7667303017393465E-20   1.3399795723731496E-02   6.4902216493016525E+00   1.3020899340701350E+01   1.7884552275251313E+01
    2120  9.0421835888409496E+03   1.0000000000000000E-02   1.0000000000000000E-99   4.9841153353993478E-01   5.0000000000000000E+01   6.9428748464193664E-51   3.0498102091561386E-03   6.0350004768156038E-02   7.7667303017393453E-20   1.3399795723731496E-02   6.4897664062398874E+00   1.3020899340701355E+01   1.7884552275251313E+01
    2130  1.0672435779452850E+04   1.0000000000000000E-02   1.0000000000000000E-99   4.9837554252156707E-01   5.0000000000000000E+01   1.2722223872947022E-51   3.0498102091561386E-03   6.0350004768156038E-02   7.7667303017393465E-20   1.3399795723731501E-02   6.4892977708127200E+00   1.3020899340701376E+01   1.7884552275251313E+01
    2140  1.2511880402462271E+04   1.0000000000000000E-02   1.0000000000000000E-99   4.9834112421655163E-01   5.0000000000000000E+01   1.9155967130737631E-52   3.0498102091561390E-03   6.0350004768156031E-02   7.7667303017393453E-20   1.3399795723731506E-02   6.4888496135277842E+00   1.3020899340701369E+01   1.7884552275251313E+01
    2150  1.4560517457869215E+04   1.0000000000000000E-02   1.0000000000000000E-99   4.9830620051866475E-01   5.0000000000000000E+01   2.3700771618018543E-53   3.0498102091561390E-03   6.0350004768156038E-02   7.7667303017393453E-20   1.3399795723731496E-02   6.4883948755731469E+00   1.3020899340701368E+01   1.7884552275251313E+01
    2160  1.6609154513276157E+04   1.0000000000000000E-02   1.0000000000000000E-99   4.9827281989660993E-01   5.0000000000000000E+01   2.9323843137532188E-54   3.0498102091561390E-03   6.0350004768156017E-02   7.7667303017393453E-20   1.3399795723731506E-02   6.4879602298536003E+00   1.3020899340701376E+01   1.7884552275251313E+01
    2170  1.8657791568683100E+04   1.0000000000000000E-02   1.0000000000000000E-99   4.9824013540144718E-01   5.0000000000000000E+01   3.6281003429477507E-55   3.0498102091561390E-03   6.0350004768155996E-02   7.7667303017393453E-20   1.3399795723731499E-02   6.4875346483322263E+00   1.3020899340701375E+01   1.7884552275251313E+01
    2180  2.0706428624090044E+04   1.0000000000000000E-02   1.0000000000000000E-99   4.9820780933391157E-01   5.0000000000000000E+01   4.4888768626817094E-56   3.0498102091561390E-03   6.0350004768156003E-02   7.7667303017393453E-20   1.3399795723731499E-02   6.4871137338609062E+00   1.3020899340701368E+01   1.7884552275251313E+01
    2190  2.2755065679496987E+04   1.0000000000000000E-02   1.0000000000000000E-99   4.9817570441581838E-01   5.0000000000000000E+01   5.5538749162454848E-57   3.0498102091561390E-03   6.0350004768156010E-02   7.7667303017393453E-20   1.3399795723731508E-02   6.4866956989542235E+00   1.3020899340701369E+01   1.7884552275251313E+01
    2200  2.4803702734903931E+04   1.0000000000000000E-02   1.0000000000000000E-99   4.9814376299667784E-01   5.0000000000000000E+01   6.8715466092944538E-58   3.0498102091561390E-03   6.0350004768156024E-02   7.7667303017393453E-20   1.3399795723731506E-02   6.4862797929509357E+00   1.3020899340701362E+01   1.7884552275251313E+01
    2210  2.6852339790310874E+04   1.0000000000000000E-02   1.0000000000000000E-99   4.9811195950580156E-01   5.0000000000000000E+01   8.5018394392696066E-59   3.0498102091561390E-03   6.0350004768156010E-02   7.7667303017393453E-20   1.3399795723731503E-02   6.4858656828976988E+00   1.3020899340701375E+01   1.7884552275251313E+01
    2220  2.8900976845717818E+04   1.0000000000000000E-02   1.0000000000000000E-99   4.9808028156535816E-01   5.0000000000000000E+01   1.0518923607874903E-59   3.0498102091561390E-03   6.0350004768155996E-02   7.7667303017393453E-20   1.3399795723731508E-02   6.4854532076240021E+00   1.3020899340701376E+01   1.7884552275251313E+01
    2230  3.0949613901124761E+04   1.0000000000000000E-02   1.0000000000000000E-99   4.9804872239112596E-01   5.0000000000000000E+01   1.3014566395741504E-60   3.0498102091561390E-03   6.0350004768156003E-02   7.7667303017393453E-20   1.3399795723731506E-02   6.4850422787931929E+00   1.3020899340701387E+01   1.7884552275251313E+01
    2233  3.1536000000000000E+04   1.0000000000000000E-02   1.0000000000000000E-99   4.9803971029160360E-01   5.0000000000000000E+01   7.1382509328198323E-61   3.0498102091561390E-03   6.0350004768156003E-02   7.7667303017393453E-20   1.3399795723731499E-02   6.4849249331525041E+00   1.3020899340701384E+01   1.7884552275251313E+01
