# 1:A 2:Y(A) 3:X(A)
    1     7.51637541228028E-01     7.51637541228028E-01
    2     7.30910291184733E-06     1.46182058236947E-05
    3     1.30422707880097E-05     3.91268123640290E-05
    4     6.15421271054134E-02     2.46168508421653E-01
    5     0.00000000000000E+00     0.00000000000000E+00
    6     5.63247780682945E-13     3.37948668409767E-12
    7     4.17362581747421E-09     2.92153807223195E-08
    8     0.00000000000000E+00     0.00000000000000E+00
    9     3.38849268225980E-11     3.04964341403382E-10
   10     1.74833849880445E-07     1.74833849880445E-06
   11     4.08762587442795E-06     4.49638846187075E-05
   12     3.35912097190695E-06     4.03094516628834E-05
   13     1.73956033310104E-06     2.26142843303135E-05
   14     1.55238499142064E-05     2.17333898798890E-04
   15     8.40757469532168E-06     1.26113620429825E-04
   16     8.93826814837068E-06     1.43012290373931E-04
   17     1.12501487745111E-06     1.91252529166689E-05
   18     4.41675885800426E-07     7.95016594440767E-06
   19     2.62142790913715E-09     4.98071302736058E-08
   20     2.74128372684129E-08     5.48256745368258E-07
   21     1.98548177139279E-09     4.16951171992486E-08
   22     1.25392296751275E-08     2.75863052852805E-07
   23     7.16760263259890E-09     1.64854860549775E-07
   24     9.31671123374604E-09     2.23601069609905E-07
   25     3.17117850568023E-08     7.92794626420059E-07
   26     1.22325118771790E-08     3.18045308806655E-07
   27     6.20449079339683E-08     1.67521251421714E-06
   28     2.60908412894310E-07     7.30543556104067E-06
   29     2.25977261424222E-07     6.55334058130243E-06
   30     3.16750693033813E-07     9.50252079101439E-06
   31     3.07737792110690E-07     9.53987155543138E-06
   32     3.55744231596051E-07     1.13838154110736E-05
   33     2.32541767300556E-07     7.67387832091835E-06
   34     4.37760960844706E-07     1.48838726687200E-05
   35     4.08166867819043E-07     1.42858403736665E-05
   36     1.94833931425116E-07     7.01402153130418E-06
   37     3.48002071971043E-07     1.28760766629286E-05
   38     3.26080826241728E-07     1.23910713971857E-05
   39     5.28735210655201E-07     2.06206732155528E-05
   40     1.21781400560232E-06     4.87125602240928E-05
   41     6.61281126217736E-08     2.71125261749272E-06
   42     4.81920722465087E-08     2.02406703435337E-06
   43     7.02595869747818E-08     3.02116223991562E-06
   44     2.39427389115455E-07     1.05348051210800E-05
   45     7.19478114461845E-08     3.23765151507830E-06
   46     4.46089736468234E-08     2.05201278775388E-06
   47     6.51403601039927E-08     3.06159692488766E-06
   48     1.64907014380958E-07     7.91553669028600E-06
   49     1.04662997340512E-07     5.12848686968510E-06
   50     1.04751134241571E-07     5.23755671207854E-06
   51     9.28025951995953E-08     4.73293235517936E-06
   52     2.12771056899150E-07     1.10640949587558E-05
   53     1.22764368969342E-07     6.50651155537513E-06
   54     1.39563109783509E-07     7.53640792830951E-06
   55     1.25930137781499E-07     6.92615757798246E-06
   56     6.49992647508152E-07     3.63995882604565E-05
   57     1.86472129132936E-07     1.06289113605774E-05
   58     1.81895634546484E-07     1.05499468036961E-05
   59     8.67776630587845E-08     5.11988212046828E-06
   60     8.18082019745454E-08     4.90849211847272E-06
   61     4.66863683278804E-08     2.84786846800070E-06
   62     4.01352450438906E-08     2.48838519272122E-06
   63     6.87049150104756E-08     4.32840964565996E-06
   64     7.43409658428050E-08     4.75782181393952E-06
   65     4.57923802873285E-08     2.97650471867635E-06
   66     6.55633269944101E-08     4.32717958163107E-06
   67     3.47639823926761E-08     2.32918682030930E-06
   68     5.24546148645767E-08     3.56691381079122E-06
   69     3.39366048771805E-08     2.34162573652545E-06
   70     4.94269132266172E-08     3.45988392586321E-06
   71     2.22902886720091E-08     1.58261049571265E-06
   72     3.93871426629056E-08     2.83587427172920E-06
   73     2.22845439875091E-08     1.62677171108816E-06
   74     3.23476179314741E-08     2.39372372692908E-06
   75     2.11136112080126E-08     1.58352084060095E-06
   76     3.61155556638309E-08     2.74478223045115E-06
   77     1.52123017732096E-08     1.17134723653714E-06
   78     3.52786037452880E-08     2.75173109213247E-06
   79     1.78847443502031E-08     1.41289480366605E-06
   80     3.73764413641593E-08     2.99011530913274E-06
   81     2.41301010671689E-08     1.95453818644068E-06
   82     3.47602310910925E-08     2.85033894946958E-06
   83     2.33918474734795E-08     1.94152334029879E-06
   84     4.64099937978723E-08     3.89843947902127E-06
   85     3.17335185357385E-08     2.69734907553778E-06
   86     4.70211007580334E-08     4.04381466519087E-06
   87     1.31209806006091E-08     1.14152531225299E-06
   88     2.37368612736762E-08     2.08884379208351E-06
   89     5.52538331822836E-08     4.91759115322324E-06
   90     7.23319773548214E-08     6.50987796193393E-06
   91     2.68801856856476E-08     2.44609689739393E-06
   92     8.63459347583720E-08     7.94382599777022E-06
   93     4.73385525535918E-08     4.40248538748404E-06
   94     4.72402657715604E-08     4.44058498252668E-06
   95     2.72710736896919E-08     2.59075200052073E-06
   96     7.35304225403115E-08     7.05892056386990E-06
   97     3.34432943921806E-08     3.24399955604151E-06
   98     1.03940657868623E-07     1.01861844711250E-05
   99     4.28346603708143E-08     4.24063137671061E-06
  100     5.35508905639982E-08     5.35508905639982E-06
  101     3.28126879911396E-08     3.31408148710510E-06
  102     4.28578476037113E-08     4.37150045557855E-06
  103     2.86905060913649E-08     2.95512212741058E-06
  104     5.89527468295624E-08     6.13108567027449E-06
  105     4.04804176017958E-08     4.25044384818856E-06
  106     6.58917246615644E-08     6.98452281412582E-06
  107     4.58345958271408E-08     4.90430175350406E-06
  108     6.36523271245063E-08     6.87445132944668E-06
  109     6.11071106585593E-08     6.66067506178296E-06
  110     7.35159290373759E-08     8.08675219411135E-06
  111     5.08985954745369E-08     5.64974409767359E-06
  112     5.91370570449017E-08     6.62335038902899E-06
  113     5.37142088093391E-08     6.06970559545532E-06
  114     6.99363047577192E-08     7.97273874237999E-06
  115     6.28934887534758E-08     7.23275120664972E-06
  116     5.95371254012134E-08     6.90630654654075E-06
  117     3.59093256651040E-08     4.20139110281717E-06
  118     4.94336909407869E-08     5.83317553101286E-06
  119     3.79405734549927E-08     4.51492824114413E-06
  120     5.51701982664680E-08     6.62042379197616E-06
  121     6.44278430523473E-08     7.79576900933402E-06
  122     6.29245716297460E-08     7.67679773882902E-06
  123     7.73745267248233E-08     9.51706678715327E-06
  124     5.00494637911789E-08     6.20613351010618E-06
  125     4.58146015379974E-08     5.72682519224968E-06
  126     5.33783370022039E-08     6.72567046227770E-06
  127     4.92987624894008E-08     6.26094283615391E-06
  128     6.65341975400609E-08     8.51637728512780E-06
  129     4.41236868653365E-08     5.69195560562841E-06
  130     5.39120560860280E-08     7.00856729118365E-06
  131     3.43209875724507E-08     4.49604937199104E-06
  132     5.04403490410787E-08     6.65812607342239E-06
  133     5.47756322929988E-08     7.28515909496884E-06
  134     7.49839382053458E-08     1.00478477195163E-05
  135     3.84705651584580E-08     5.19352629639183E-06
  136     3.94555544388614E-08     5.36595540368515E-06
  137     9.05346681405053E-08     1.24032495352492E-05
  138     1.07146154954017E-07     1.47861693836543E-05
  139     4.25873158553772E-08     5.91963690389744E-06
  140     1.06994181402438E-07     1.49791853963413E-05
  141     4.02711494395477E-08     5.67823207097622E-06
  142     5.74709990514317E-08     8.16088186530330E-06
  143     3.41997017837721E-08     4.89055735507941E-06
  144     5.31759449845341E-08     7.65733607777291E-06
  145     1.53342363035929E-08     2.22346426402097E-06
  146     2.29080242872220E-08     3.34457154593441E-06
  147     1.64880850720243E-08     2.42374850558757E-06
  148     1.35675108799072E-08     2.00799161022626E-06
  149     1.54166743390441E-08     2.29708447651757E-06
  150     2.75351279768643E-08     4.13026919652964E-06
  151     4.71121542808463E-08     7.11393529640780E-06
  152     7.17086861878955E-08     1.08997203005601E-05
  153     3.69470713226756E-08     5.65290191236937E-06
  154     3.48394641043115E-08     5.36527747206397E-06
  155     3.58996276680436E-08     5.56444228854676E-06
  156     1.31938384914863E-08     2.05823880467187E-06
  157     4.26612900073478E-08     6.69782253115360E-06
  158     6.78373738035899E-08     1.07183050609672E-05
  159     3.91994437909048E-08     6.23271156275386E-06
  160     3.75312564681945E-08     6.00500103491112E-06
  161     2.13293296716701E-08     3.43402207713889E-06
  162     2.59139039860705E-08     4.19805244574342E-06
  163     4.05146583059039E-08     6.60388930386234E-06
  164     5.15234015459819E-08     8.44983785354104E-06
  165     4.47479670055675E-08     7.38341455591864E-06
  166     3.17695764959726E-08     5.27374969833145E-06
  167     2.78682464227145E-08     4.65399715259332E-06
  168     4.90054710461449E-08     8.23291913575234E-06
  169     6.34007458384731E-08     1.07147260467019E-05
  170     6.56810282430802E-08     1.11657748013236E-05
  171     3.14031222184672E-08     5.36993389935790E-06
  172     2.96705736123996E-08     5.10333866133274E-06
  173     3.89143313068117E-08     6.73217931607843E-06
  174     5.52281392027211E-08     9.60969622127347E-06
  175     4.54822805939092E-08     7.95939910393412E-06
  176     3.49063380017208E-08     6.14351548830286E-06
  177     2.44155830092981E-08     4.32155819264576E-06
  178     4.26286493284814E-08     7.58789958046969E-06
  179     3.99397830912172E-08     7.14922117332789E-06
  180     3.57577893100639E-08     6.43640207581150E-06
  181     2.08907067008891E-08     3.78121791286093E-06
  182     1.31961684509234E-08     2.40170265806805E-06
  183     2.85205905355234E-08     5.21926806800078E-06
  184     3.96122071875939E-08     7.28864612251728E-06
  185     3.75916695963017E-08     6.95445887531582E-06
  186     3.72548987767118E-08     6.92941117246839E-06
  187     2.72922567744317E-08     5.10365201681873E-06
  188     3.00575362225952E-08     5.65081680984789E-06
  189     3.05113791603212E-08     5.76665066130070E-06
  190     3.37518461414003E-08     6.41285076686605E-06
  191     3.22392070642354E-08     6.15768854926896E-06
  192     5.86135822039225E-08     1.12538077831531E-05
  193     9.65272322779630E-08     1.86297558296469E-05
  194     7.42131007206253E-08     1.43973415398013E-05
  195     7.38162204505663E-08     1.43941629878604E-05
  196     1.26227033399196E-07     2.47404985462424E-05
  197     1.30468618900962E-07     2.57023179234895E-05
  198     2.58128291575401E-07     5.11094017319294E-05
  199     1.83387556592209E-07     3.64941237618496E-05
  200     3.57152154652081E-07     7.14304309304163E-05
  201     3.08923165673187E-07     6.20935563003106E-05
  202     2.82818295068333E-07     5.71292956038033E-05
  203     2.39231925181937E-07     4.85640808119332E-05
  204     3.44233317019099E-08     7.02235966718962E-06
  205     4.53854773298204E-08     9.30402285261318E-06
  206     1.70846695433368E-08     3.51944192592739E-06
  207     1.67866186365963E-08     3.47483005777543E-06
  208     4.52573937478603E-09     9.41353789955494E-07
  209     1.95318745653997E-09     4.08216178416854E-07
  210     2.97175158924051E-10     6.24067833740507E-08
  211     1.23082403106155E-11     2.59703870553986E-09
  212     3.52288810990755E-15     7.46852279300401E-13
  213     1.22043711662819E-16     2.59953105841805E-14
  214     0.00000000000000E+00     0.00000000000000E+00
  215     0.00000000000000E+00     0.00000000000000E+00
  216     0.00000000000000E+00     0.00000000000000E+00
  217     0.00000000000000E+00     0.00000000000000E+00
  218     0.00000000000000E+00     0.00000000000000E+00
  219     0.00000000000000E+00     0.00000000000000E+00
  220     0.00000000000000E+00     0.00000000000000E+00
  221     0.00000000000000E+00     0.00000000000000E+00
  222     0.00000000000000E+00     0.00000000000000E+00
  223     0.00000000000000E+00     0.00000000000000E+00
  224     0.00000000000000E+00     0.00000000000000E+00
  225     0.00000000000000E+00     0.00000000000000E+00
  226     0.00000000000000E+00     0.00000000000000E+00
  227     0.00000000000000E+00     0.00000000000000E+00
  228     0.00000000000000E+00     0.00000000000000E+00
  229     0.00000000000000E+00     0.00000000000000E+00
  230     0.00000000000000E+00     0.00000000000000E+00
  231     0.00000000000000E+00     0.00000000000000E+00
  232     0.00000000000000E+00     0.00000000000000E+00
  233     0.00000000000000E+00     0.00000000000000E+00
  234     0.00000000000000E+00     0.00000000000000E+00
  235     0.00000000000000E+00     0.00000000000000E+00
  236     0.00000000000000E+00     0.00000000000000E+00
  237     0.00000000000000E+00     0.00000000000000E+00
  238     0.00000000000000E+00     0.00000000000000E+00
  239     0.00000000000000E+00     0.00000000000000E+00
  240     0.00000000000000E+00     0.00000000000000E+00
  241     0.00000000000000E+00     0.00000000000000E+00
  242     0.00000000000000E+00     0.00000000000000E+00
  243     0.00000000000000E+00     0.00000000000000E+00
  244     0.00000000000000E+00     0.00000000000000E+00
  245     0.00000000000000E+00     0.00000000000000E+00
  246     0.00000000000000E+00     0.00000000000000E+00
  247     0.00000000000000E+00     0.00000000000000E+00
  248     0.00000000000000E+00     0.00000000000000E+00
  249     0.00000000000000E+00     0.00000000000000E+00
  250     0.00000000000000E+00     0.00000000000000E+00
  251     0.00000000000000E+00     0.00000000000000E+00
  252     0.00000000000000E+00     0.00000000000000E+00
  253     0.00000000000000E+00     0.00000000000000E+00
  254     0.00000000000000E+00     0.00000000000000E+00
  255     0.00000000000000E+00     0.00000000000000E+00
  256     0.00000000000000E+00     0.00000000000000E+00
  257     0.00000000000000E+00     0.00000000000000E+00
  258     0.00000000000000E+00     0.00000000000000E+00
  259     0.00000000000000E+00     0.00000000000000E+00
  260     0.00000000000000E+00     0.00000000000000E+00
  261     0.00000000000000E+00     0.00000000000000E+00
  262     0.00000000000000E+00     0.00000000000000E+00
  263     0.00000000000000E+00     0.00000000000000E+00
  264     0.00000000000000E+00     0.00000000000000E+00
  265     0.00000000000000E+00     0.00000000000000E+00
  266     0.00000000000000E+00     0.00000000000000E+00
  267     0.00000000000000E+00     0.00000000000000E+00
  268     0.00000000000000E+00     0.00000000000000E+00
  269     0.00000000000000E+00     0.00000000000000E+00
  270     0.00000000000000E+00     0.00000000000000E+00
  271     0.00000000000000E+00     0.00000000000000E+00
  272     0.00000000000000E+00     0.00000000000000E+00
  273     0.00000000000000E+00     0.00000000000000E+00
  274     0.00000000000000E+00     0.00000000000000E+00
  275     0.00000000000000E+00     0.00000000000000E+00
  276     0.00000000000000E+00     0.00000000000000E+00
  277     0.00000000000000E+00     0.00000000000000E+00
  278     0.00000000000000E+00     0.00000000000000E+00
  279     0.00000000000000E+00     0.00000000000000E+00
  280     0.00000000000000E+00     0.00000000000000E+00
  281     0.00000000000000E+00     0.00000000000000E+00
  282     0.00000000000000E+00     0.00000000000000E+00
  283     0.00000000000000E+00     0.00000000000000E+00
  284     0.00000000000000E+00     0.00000000000000E+00
  285     0.00000000000000E+00     0.00000000000000E+00
  286     0.00000000000000E+00     0.00000000000000E+00
  287     0.00000000000000E+00     0.00000000000000E+00
  288     0.00000000000000E+00     0.00000000000000E+00
  289     0.00000000000000E+00     0.00000000000000E+00
  290     0.00000000000000E+00     0.00000000000000E+00
  291     0.00000000000000E+00     0.00000000000000E+00
  292     0.00000000000000E+00     0.00000000000000E+00
  293     0.00000000000000E+00     0.00000000000000E+00
  294     0.00000000000000E+00     0.00000000000000E+00
  295     0.00000000000000E+00     0.00000000000000E+00
  296     0.00000000000000E+00     0.00000000000000E+00
  297     0.00000000000000E+00     0.00000000000000E+00
  298     0.00000000000000E+00     0.00000000000000E+00
  299     0.00000000000000E+00     0.00000000000000E+00
  300     0.00000000000000E+00     0.00000000000000E+00
  301     0.00000000000000E+00     0.00000000000000E+00
  302     0.00000000000000E+00     0.00000000000000E+00
  303     0.00000000000000E+00     0.00000000000000E+00
  304     0.00000000000000E+00     0.00000000000000E+00
  305     0.00000000000000E+00     0.00000000000000E+00
  306     0.00000000000000E+00     0.00000000000000E+00
  307     0.00000000000000E+00     0.00000000000000E+00
  308     0.00000000000000E+00     0.00000000000000E+00
  309     0.00000000000000E+00     0.00000000000000E+00
  310     0.00000000000000E+00     0.00000000000000E+00
  311     0.00000000000000E+00     0.00000000000000E+00
  312     0.00000000000000E+00     0.00000000000000E+00
  313     0.00000000000000E+00     0.00000000000000E+00
  314     0.00000000000000E+00     0.00000000000000E+00
  315     0.00000000000000E+00     0.00000000000000E+00
  316     0.00000000000000E+00     0.00000000000000E+00
  317     0.00000000000000E+00     0.00000000000000E+00
  318     0.00000000000000E+00     0.00000000000000E+00
  319     0.00000000000000E+00     0.00000000000000E+00
  320     0.00000000000000E+00     0.00000000000000E+00
  321     0.00000000000000E+00     0.00000000000000E+00
  322     0.00000000000000E+00     0.00000000000000E+00
  323     0.00000000000000E+00     0.00000000000000E+00
  324     0.00000000000000E+00     0.00000000000000E+00
  325     0.00000000000000E+00     0.00000000000000E+00
  326     0.00000000000000E+00     0.00000000000000E+00
  327     0.00000000000000E+00     0.00000000000000E+00
  328     0.00000000000000E+00     0.00000000000000E+00
  329     0.00000000000000E+00     0.00000000000000E+00
  330     0.00000000000000E+00     0.00000000000000E+00
  331     0.00000000000000E+00     0.00000000000000E+00
  332     0.00000000000000E+00     0.00000000000000E+00
  333     0.00000000000000E+00     0.00000000000000E+00
  334     0.00000000000000E+00     0.00000000000000E+00
  335     0.00000000000000E+00     0.00000000000000E+00
  336     0.00000000000000E+00     0.00000000000000E+00
  337     0.00000000000000E+00     0.00000000000000E+00
