# 1:A 2:Z 3:N 4:Yi 5:Xi
    1      0      1     6.07517374779341E-12   6.07517374779341E-12
    1      1      0     7.51637541221952E-01   7.51637541221952E-01
    2      1      1     7.30910291184733E-06   1.46182058236947E-05
    3      1      2     1.00840111421640E-06   3.02520334264920E-06
    3      2      1     1.20338696737933E-05   3.61016090213798E-05
    4      2      2     6.15421271054134E-02   2.46168508421653E-01
    6      3      3     5.63247780682945E-13   3.37948668409767E-12
    7      3      4     3.07080020895747E-09   2.14956014627023E-08
    7      4      3     1.10282560851674E-09   7.71977925961721E-09
    9      4      5     3.88905220667353E-13   3.50014698600618E-12
    9      6      3     3.34960216019307E-11   3.01464194417376E-10
   10      4      6     1.32498499549542E-13   1.32498499549542E-12
   10      5      5     1.74833717381945E-07   1.74833717381945E-06
   11      5      6     4.08762580946457E-06   4.49638839041103E-05
   11      6      5     6.49633813531979E-14   7.14597194885177E-13
   12      6      6     3.35912097190695E-06   4.03094516628834E-05
   13      6      7     1.73956033307831E-06   2.26142843300181E-05
   13      7      6     2.27287908789472E-17   2.95474281426314E-16
   14      6      8     6.32069852848912E-10   8.84897793988476E-09
   14      7      7     1.55232178443536E-05   2.17325049820950E-04
   15      7      8     8.40757468729072E-06   1.26113620309361E-04
   15      8      7     3.33881746114932E-17   5.00822619172398E-16
   15      9      6     7.99756787852083E-15   1.19963518177812E-13
   16      7      9     6.80554637388845E-20   1.08888741982215E-18
   16      8      8     8.93826814492778E-06   1.43012290318844E-04
   16      9      7     3.44283882269796E-15   5.50854211631673E-14
   17      8      9     1.12501487744913E-06   1.91252529166352E-05
   17      9      8     1.98333425582818E-18   3.37166823490791E-17
   18      8     10     4.26310359520159E-07   7.67358647136285E-06
   18      9      9     1.53655262802675E-08   2.76579473044815E-07
   19      9     10     2.62142790913715E-09   4.98071302736058E-08
   20     10     10     2.74128372684129E-08   5.48256745368258E-07
   21     10     11     1.98548177139279E-09   4.16951171992486E-08
   22     10     12     2.15637373544633E-09   4.74402221798193E-08
   22     11     11     1.03828559396812E-08   2.28422830672986E-07
   23     11     12     7.16760263259890E-09   1.64854860549775E-07
   24     11     13     2.67099963682495E-12   6.41039912837989E-11
   24     12     12     9.31404023410922E-09   2.23536965618621E-07
   25     12     13     3.17117850568023E-08   7.92794626420059E-07
   26     12     14     8.91001574703310E-09   2.31660409422861E-07
   26     13     13     3.32249613014593E-09   8.63848993837942E-08
   27     12     15     2.98483870846579E-19   8.05906451285763E-18
   27     13     14     6.20449079336589E-08   1.67521251420879E-06
   27     14     13     1.09122441585034E-20   2.94630592279593E-19
   28     12     16     2.08108284637777E-13   5.82703196985775E-12
   28     13     15     3.71408158991085E-16   1.03994284517504E-14
   28     14     14     2.60908204414617E-07   7.30542972360927E-06
   29     13     16     8.27143925580073E-19   2.39871738418221E-17
   29     14     15     2.25977261423374E-07   6.55334058127785E-06
   29     15     14     2.04186920014526E-20   5.92142068042127E-19
   30     14     16     3.16750693029567E-07   9.50252079088701E-06
   30     15     15     4.24602385697822E-18   1.27380715709347E-16
   31     14     17     2.81972187862213E-11   8.74113782372861E-10
   31     15     16     3.07709594891854E-07   9.53899744164748E-06
   31     16     15     4.90869842494851E-20   1.52169651173404E-18
   32     14     18     4.24451632174926E-11   1.35824522295976E-09
   32     15     17     1.25125515202420E-10   4.00401648647744E-09
   32     16     16     3.55576660917631E-07   1.13784531493642E-05
   33     15     18     1.84420912657389E-09   6.08589011769384E-08
   33     16     17     2.30697558173982E-07   7.61301941974142E-06
   34     15     19     1.65989444087858E-20   5.64364109898716E-19
   34     16     18     4.37760960844668E-07   1.48838726687187E-05
   34     17     17     2.08473215886004E-20   7.08808934012413E-19
   35     16     19     1.84654841361384E-10   6.46291944764845E-09
   35     17     18     4.07982212977661E-07   1.42793774542182E-05
   35     18     17     2.03610952701528E-20   7.12638334455347E-19
   36     16     20     1.90190174343753E-09   6.84684627637512E-08
   36     17     19     6.89818947157634E-11   2.48334820976748E-09
   36     18     18     1.92863047786963E-07   6.94306972033066E-06
   37     16     21     2.54948278099874E-20   9.43308628969534E-19
   37     17     20     3.86787893624925E-08   1.43111520641222E-06
   37     18     19     3.09323282608525E-07   1.14449614565154E-05
   38     16     22     1.03836720527409E-15   3.94579538004156E-14
   38     17     21     2.67918984121210E-15   1.01809213966060E-13
   38     18     20     3.26080822513823E-07   1.23910712555253E-05
   38     19     19     1.03483200160474E-17   3.93236160609802E-16
   39     17     22     3.87858695368050E-16   1.51264891193540E-14
   39     18     21     4.00166725348460E-10   1.56065022885900E-08
   39     19     20     5.28335043541979E-07   2.06050666981372E-05
   39     20     19     1.55828338669761E-20   6.07730520812069E-19
   40     18     22     1.88061685309238E-11   7.52246741236952E-10
   40     19     21     4.45520416303530E-09   1.78208166521412E-07
   40     20     20     1.21333999527075E-06   4.85335998108302E-05
   41     18     23     2.23819198536035E-14   9.17658713997743E-13
   41     19     22     5.62601251133739E-10   2.30666512964833E-08
   41     20     21     6.55654889887201E-08   2.68818504853752E-06
   42     18     24     8.11944575769171E-14   3.41016721823052E-12
   42     19     23     1.07269807015317E-11   4.50533189464332E-10
   42     20     22     4.81812640713496E-08   2.02361309099668E-06
   43     19     24     3.19868207649157E-12   1.37543329289137E-10
   43     20     23     6.65748186064765E-08   2.86271720007849E-06
   43     21     22     3.68156968622878E-09   1.58307496507838E-07
   44     19     25     3.13350066787295E-19   1.37874029386410E-17
   44     20     24     1.43448001024708E-08   6.31171204508716E-07
   44     21     23     3.50768098374242E-10   1.54337963284666E-08
   44     22     22     2.24731820914297E-07   9.88820012022905E-06
   45     19     26     1.03036742578279E-19   4.63665341602254E-18
   45     20     25     4.42431340643105E-08   1.99094103289397E-06
   45     21     24     2.57679676758549E-08   1.15955854541347E-06
   45     22     23     1.93670970591600E-09   8.71519367662199E-08
   46     20     26     2.59684629587684E-09   1.19454929610335E-07
   46     21     25     3.42470120498069E-11   1.57536255429112E-09
   46     22     24     4.19778803388968E-08   1.93098249558925E-06
   47     20     27     3.85305219523527E-13   1.81093453176058E-11
   47     21     26     8.26261968813567E-11   3.88343125342376E-09
   47     22     25     6.50573210076710E-08   3.05769408736054E-06
   47     23     24     2.75942207458994E-14   1.29692837505727E-12
   48     20     28     3.64376159939687E-12   1.74900556771050E-10
   48     21     27     7.67295042773022E-13   3.68301620531051E-11
   48     22     26     6.32228852964626E-08   3.03469849423021E-06
   48     23     25     3.74145054791378E-08   1.79589626299861E-06
   48     24     24     6.42652125487159E-08   3.08473020233836E-06
   49     21     28     3.26761646073960E-16   1.60113206576241E-14
   49     22     27     3.51621915212555E-09   1.72294738454152E-07
   49     23     26     1.01146497415267E-07   4.95617837334808E-06
   49     24     25     2.80446358004526E-13   1.37418715422218E-11
   50     22     28     7.40870530477244E-11   3.70435265238622E-09
   50     23     27     9.86961841708574E-09   4.93480920854287E-07
   50     24     26     9.48074287714374E-08   4.74037143857187E-06
   51     22     29     1.21738660254579E-20   6.20867167298352E-19
   51     23     28     4.26046273044715E-09   2.17283599252805E-07
   51     24     27     8.85420215911322E-08   4.51564310114774E-06
   51     25     26     1.10878003724572E-13   5.65477818995316E-12
   52     23     29     1.77457479457752E-19   9.22778893180311E-18
   52     24     28     1.13850229475445E-07   5.92021193272313E-06
   52     25     27     8.22437824452077E-08   4.27667668715080E-06
   52     26     26     1.66770449783201E-08   8.67206338872643E-07
   53     23     30     4.05966179885787E-20   2.15162075339467E-18
   53     24     29     1.22013240982157E-07   6.46670177205431E-06
   53     25     28     7.51127984318177E-10   3.98097831688634E-08
   53     26     27     2.82641425102541E-18   1.49799955304347E-16
   54     24     30     1.04879642743070E-09   5.66350070812577E-08
   54     25     29     1.24156504009721E-08   6.70445121652492E-07
   54     26     28     1.26098662955107E-07   6.80932779957576E-06
   55     25     30     1.59025637471865E-09   8.74641006095259E-08
   55     26     29     1.23612797186046E-07   6.79870384523250E-06
   55     27     28     7.27084220735187E-10   3.99896321404353E-08
   56     25     31     8.09017164400280E-12   4.53049612064157E-10
   56     26     30     2.50968948888617E-07   1.40542611377625E-05
   56     27     29     3.42548659048254E-08   1.91827249067022E-06
   56     28     28     3.64760742543066E-07   2.04266015824117E-05
   57     26     31     5.89871432738066E-09   3.36226716660698E-07
   57     27     30     1.72117339232287E-07   9.81068833624034E-06
   57     28     29     8.45607557326875E-09   4.81996307676319E-07
   58     26     32     5.45791737750048E-09   3.16559207895028E-07
   58     27     31     1.76033732739947E-08   1.02099564989169E-06
   58     28     30     1.58834343894974E-07   9.21239194590851E-06
   58     29     29     1.46524837890564E-20   8.49844059765270E-19
   59     26     33     3.97018744243121E-11   2.34241059103441E-09
   59     27     32     5.36399633748902E-09   3.16475783911852E-07
   59     28     31     8.13739648465609E-08   4.80106392594709E-06
   59     29     30     3.10253156857035E-19   1.83049362545651E-17
   60     26     34     2.06181093707088E-10   1.23708656224253E-08
   60     27     33     9.38214145925133E-12   5.62928487555080E-10
   60     28     32     8.15926387197667E-08   4.89555832318600E-06
   60     29     31     1.96123621276721E-17   1.17674172766033E-15
   61     27     34     6.43933565944886E-13   3.92799475226380E-11
   61     28     33     4.63258967967181E-08   2.82587970459981E-06
   61     29     32     3.59827597580810E-10   2.19494834524294E-08
   61     30     31     1.55015168049817E-20   9.45592525103886E-19
   62     27     35     2.30469936602737E-20   1.42891360693697E-18
   62     28     34     3.67490642557880E-08   2.27844198385885E-06
   62     29     33     5.93349221418918E-11   3.67876517279729E-09
   62     30     32     3.32684586593771E-09   2.06264443688138E-07
   63     28     35     9.81263734193101E-10   6.18196152541654E-08
   63     29     34     6.77236009497416E-08   4.26658685983372E-06
   63     30     33     5.03265408612540E-14   3.17057207425900E-12
   64     28     36     2.16497863586621E-09   1.38558632695438E-07
   64     29     35     3.20878806762913E-09   2.05362436328264E-07
   64     30     34     6.89671991387510E-08   4.41390074488007E-06
   64     31     33     5.58637673314714E-19   3.57528110921417E-17
   65     28     37     4.21246697652881E-13   2.73810353474372E-11
   65     29     36     6.98179249588560E-09   4.53816512232564E-07
   65     30     35     3.88101665409492E-08   2.52266082516170E-06
   65     31     34     3.79598794587378E-18   2.46739216481796E-16
   66     28     38     1.60592946388564E-10   1.05991344616452E-08
   66     29     37     2.50647627727224E-13   1.65427434299968E-11
   66     30     36     6.41723455230030E-08   4.23537480451820E-06
   66     31     35     1.17705095746507E-09   7.76853631926949E-08
   66     32     34     5.30869199257970E-11   3.50373671510260E-09
   67     29     38     1.49482931198250E-11   1.00153563902827E-09
   67     30     37     7.18932345217153E-09   4.81684671295492E-07
   67     31     36     2.75597106409871E-08   1.84650061294614E-06
   67     32     35     6.39764962563901E-18   4.28642524917814E-16
   68     30     38     1.68580915541084E-08   1.14635022567937E-06
   68     31     37     3.94575311935748E-11   2.68311212116309E-09
   68     32     36     3.55570657790004E-08   2.41788047297203E-06
   68     33     35     2.74324679529111E-19   1.86540782079795E-17
   69     30     39     2.25886512991622E-13   1.55861693964219E-11
   69     31     38     2.65568586101425E-08   1.83242324409983E-06
   69     32     37     7.37952038006961E-09   5.09186906224803E-07
   69     33     36     4.55339973020869E-19   3.14184581384400E-17
   70     30     40     2.14176902780092E-11   1.49923831946065E-09
   70     31     39     1.18135888298339E-16   8.26951218088370E-15
   70     32     38     4.94049753448798E-08   3.45834827414159E-06
   70     33     37     5.09859393138852E-13   3.56901575197196E-11
   70     34     36     1.02139303692059E-14   7.14975125844414E-13
   71     31     40     1.19413791610685E-09   8.47837920435862E-08
   71     32     39     1.71899228797983E-08   1.22048452446568E-06
   71     33     38     3.90622787588621E-09   2.77342179187921E-07
   71     34     37     2.17750753972861E-19   1.54603035320731E-17
   72     30     42     5.68501957308142E-15   4.09321409261862E-13
   72     31     41     4.25972892174870E-11   3.06700482365906E-09
   72     32     40     2.01141994763990E-08   1.44822236230073E-06
   72     33     39     1.54517023690200E-09   1.11252257056944E-07
   72     34     38     1.76851699752292E-08   1.27333223821651E-06
   72     35     37     1.38262017144232E-19   9.95486523438473E-18
   73     31     42     2.65198666302913E-12   1.93595026401126E-10
   73     32     41     1.54098407600855E-09   1.12491837548624E-07
   73     33     40     1.92237664059004E-08   1.40333494763073E-06
   73     34     39     1.51714151889147E-09   1.10751330879077E-07
   73     35     38     4.56799498963542E-20   3.33463634243386E-18
   74     32     42     9.54471619206265E-10   7.06308998212636E-08
   74     33     41     7.41318764662454E-09   5.48575885850216E-07
   74     34     40     2.39799586405759E-08   1.77451693940261E-06
   74     35     39     2.50673943950218E-17   1.85498718523161E-15
   75     32     43     2.97896625462926E-13   2.23422469097195E-11
   75     33     42     6.32123854463873E-09   4.74092890847905E-07
   75     34     41     1.47903580952451E-08   1.10927685714338E-06
   75     35     40     1.71667150335195E-12   1.28750362751396E-10
   76     32     44     1.43256001523062E-09   1.08874561157527E-07
   76     33     43     8.67214119685829E-11   6.59082730961230E-09
   76     34     42     3.26569597389943E-08   2.48192894016357E-06
   76     35     41     6.42542279590706E-10   4.88332132488936E-08
   76     36     40     1.29677221804661E-09   9.85546885715423E-08
   77     32     45     9.85028500382362E-13   7.58471945294419E-11
   77     33     44     3.70300180805591E-10   2.85131139220305E-08
   77     34     43     7.65298094381526E-09   5.89279532673775E-07
   77     35     42     7.18017719600825E-09   5.52873644092635E-07
   77     36     41     7.85842408015317E-12   6.05098654171794E-10
   78     32     46     8.53845333345161E-17   6.65999360009226E-15
   78     33     45     5.46140033054200E-13   4.25989225782276E-11
   78     34     44     2.01536787682852E-08   1.57198694392625E-06
   78     35     43     2.84311518036534E-18   2.21762984068497E-16
   78     36     42     1.51243787461325E-08   1.17970154219833E-06
   78     37     41     2.60962667887859E-18   2.03550880952530E-16
   79     33     46     1.36657022237639E-20   1.07959047567734E-18
   79     34     45     1.08839800900080E-08   8.59834427110633E-07
   79     35     44     1.40117412709185E-09   1.10692756040256E-07
   79     36     43     5.59959012934965E-09   4.42367620218622E-07
   79     37     42     3.73995041499038E-18   2.95456082784240E-16
   80     34     46     7.44773047901780E-10   5.95818438321424E-08
   80     35     45     5.22330101265853E-18   4.17864081012683E-16
   80     36     44     3.66178449622732E-08   2.92942759698185E-06
   80     37     43     7.23668128078290E-14   5.78934502462632E-12
   80     38     42     1.37509819482228E-11   1.10007855585783E-09
   81     34     47     4.29964194641115E-20   3.48270997659304E-18
   81     35     46     5.27006361100447E-09   4.26875152491362E-07
   81     36     45     1.81230601871258E-08   1.46796787515719E-06
   81     37     44     7.36977240720650E-10   5.96951564983726E-08
   81     38     43     2.82749871971665E-17   2.29027396297049E-15
   82     34     48     3.45345383472136E-13   2.83183214447152E-11
   82     35     47     6.26451391858831E-10   5.13690141324242E-08
   82     36     46     2.95998610266345E-08   2.42718860418403E-06
   82     37     45     1.56299451352742E-13   1.28165550109249E-11
   82     38     44     4.53341702776431E-09   3.71740196276674E-07
   83     35     48     1.40741735927766E-11   1.16815640820045E-09
   83     36     47     2.87887475882968E-09   2.38946604982863E-07
   83     37     46     1.44255491464424E-08   1.19732057915472E-06
   83     38     45     6.07334939421566E-09   5.04087999719900E-07
   83     39     44     3.98966967735017E-19   3.31142583220064E-17
   84     35     49     9.40085660142780E-17   7.89671954519935E-15
   84     36     48     1.72408129883814E-09   1.44822829102404E-07
   84     37     47     6.16457904827984E-09   5.17824640055507E-07
   84     38     46     3.85213286382726E-08   3.23579160561490E-06
   84     39     45     4.71592568879610E-15   3.96137757858873E-13
   84     40     44     2.54748028168509E-18   2.13988343661547E-16
   85     36     49     6.53871697143267E-11   5.55790942571777E-09
   85     37     48     1.54857350942342E-08   1.31628748300991E-06
   85     38     47     1.61648190884983E-08   1.37400962252236E-06
   85     39     46     1.75771832651184E-11   1.49406057753507E-09
   85     40     45     2.65735863124918E-20   2.25875483656181E-18
   86     36     50     2.39961502470899E-12   2.06366892124973E-10
   86     37     49     3.56896440411927E-09   3.06930938754257E-07
   86     38     48     4.22068769968254E-08   3.62979142172698E-06
   86     39     47     4.37736219877250E-10   3.76453149094435E-08
   86     40     46     8.05123522186776E-10   6.92406229080627E-08
   87     36     51     2.28668268214509E-16   1.98941393346623E-14
   87     37     50     5.82554280435249E-10   5.06822223978667E-08
   87     38     49     5.51161810350373E-09   4.79510775004824E-07
   87     39     48     7.00343302353026E-09   6.09298673047133E-07
   87     40     47     2.33749644716263E-11   2.03362190903149E-09
   88     36     52     6.92844705952628E-17   6.09703341238313E-15
   88     37     51     8.13345716574612E-18   7.15744230585658E-16
   88     38     50     1.38606822211133E-09   1.21974003545797E-07
   88     39     49     6.47715430915354E-09   5.69989579205511E-07
   88     40     48     1.58736386626600E-08   1.39688020231408E-06
   88     41     47     2.33342137910854E-18   2.05341081361552E-16
   89     38     51     1.73612866253838E-11   1.54515450965916E-09
   89     39     50     3.76583390895949E-08   3.35159217897394E-06
   89     40     49     1.75744546158523E-08   1.56412646081085E-06
   89     41     48     3.67819021104062E-12   3.27358928782615E-10
   90     38     52     5.14200243760135E-13   4.62780219384122E-11
   90     39     51     9.62384594168963E-10   8.66146134752066E-08
   90     40     50     7.08879817903977E-08   6.37991836113580E-06
   90     41     49     3.82857390783749E-10   3.44571651705374E-08
   90     42     48     9.82393792272081E-11   8.84154413044873E-09
   91     38     53     1.91928072015927E-14   1.74654545534493E-12
   91     39     52     2.91331891010638E-10   2.65112020819681E-08
   91     40     51     3.46471945327813E-09   3.15289470248310E-07
   91     41     50     2.31241151396904E-08   2.10429447771183E-06
   91     42     49     8.86124317620161E-18   8.06373129034346E-16
   92     38     54     2.53004388155997E-16   2.32764037103518E-14
   92     39     53     3.20549784377896E-12   2.94905801627664E-10
   92     40     52     3.99626209946285E-10   3.67656113150582E-08
   92     41     51     2.08935560970739E-08   1.92220716093080E-06
   92     42     50     6.50495466984107E-08   5.98455829625379E-06
   92     43     49     2.09286559987805E-18   1.92543635188780E-16
   93     39     54     2.40446070043549E-12   2.23614845140501E-10
   93     40     53     2.52723129266501E-11   2.35032510217846E-09
   93     41     52     2.86566375266886E-08   2.66506728998204E-06
   93     42     51     1.85114607223320E-08   1.72156584717687E-06
   93     43     50     1.42777530944130E-10   1.32783103778041E-08
   94     40     54     4.41966155171889E-12   4.15448185861576E-10
   94     41     53     8.99543932990156E-09   8.45571297010747E-07
   94     42     52     3.42715388313843E-08   3.22152465015012E-06
   94     43     51     3.96088573538818E-09   3.72323259126489E-07
   94     44     50     7.98221333468399E-12   7.50328053460295E-10
   95     40     55     6.87563123845868E-13   6.53184967653575E-11
   95     41     54     3.93211790475764E-09   3.73551200951976E-07
   95     42     53     1.00709664710263E-08   9.56741814747500E-07
   95     43     52     1.30711488351466E-08   1.24175913933892E-06
   95     44     51     1.96152915597073E-10   1.86345269817219E-08
   95     45     50     4.04794747918523E-20   3.84555010522596E-18
   96     40     56     1.40753686341996E-13   1.35123538888316E-11
   96     41     55     6.53937082350002E-10   6.27779599056002E-08
   96     42     54     4.57380182303460E-09   4.39084975011321E-07
   96     43     53     7.73848901180339E-09   7.42894945133126E-07
   96     44     52     6.05640538654935E-08   5.81414917108737E-06
   96     45     51     3.94371279939585E-18   3.78596428742002E-16
   97     40     57     2.53906725341956E-14   2.46289523581698E-12
   97     41     56     2.86302910827018E-12   2.77713823502208E-10
   97     42     55     1.00570342420495E-09   9.75532321478806E-08
   97     43     54     2.04303498758609E-08   1.98174393795851E-06
   97     44     53     1.20043513791928E-08   1.16442208378170E-06
   97     45     52     1.29314103219653E-15   1.25434680123063E-13
   98     42     56     3.38742271497820E-10   3.31967426067864E-08
   98     43     55     1.60522816611786E-08   1.57312360279550E-06
   98     44     54     8.75496339270518E-08   8.57986412485107E-06
   98     45     53     8.09356004840965E-18   7.93168884744145E-16
   98     46     52     8.00790828849979E-19   7.84775012272979E-17
   99     42     57     4.73423204159574E-11   4.68688972117978E-09
   99     43     56     1.81472518562131E-08   1.79657793376510E-06
   99     44     55     2.32382879219763E-08   2.30059050427566E-06
   99     45     54     1.40177826155711E-09   1.38776047894154E-07
   99     46     53     1.06517938976526E-17   1.05452759586761E-15
  100     42     58     1.70298546373958E-11   1.70298546373958E-09
  100     44     56     4.84607353735403E-08   4.84607353735403E-06
  100     45     55     1.16654103635491E-09   1.16654103635491E-07
  100     46     54     3.90658429941611E-09   3.90658429941611E-07
  100     47     53     4.94107814212117E-20   4.94107814212117E-18
  101     43     58     2.54652449403065E-19   2.57198973897096E-17
  101     44     57     2.29608771309777E-08   2.31904859022875E-06
  101     45     56     8.62031706143221E-09   8.70652023204653E-07
  101     46     55     1.23149379756688E-09   1.24380873554255E-07
  101     47     54     9.08191737997330E-19   9.17273655377303E-17
  102     44     58     2.04295915935320E-08   2.08381834254026E-06
  102     45     57     2.12774754894365E-09   2.17030249992253E-07
  102     46     56     2.03005084582130E-08   2.07065186273772E-06
  102     47     55     3.02269486064156E-18   3.08314875785439E-16
  103     44     59     6.78033635598172E-09   6.98374644666117E-07
  103     45     58     1.54497221447733E-08   1.59132138091165E-06
  103     46     57     6.45954236537365E-09   6.65332863633486E-07
  103     47     56     9.05225236193270E-13   9.32381993279068E-11
  104     43     61     1.27453819247236E-18   1.32551972017126E-16
  104     44     60     3.18145953154625E-09   3.30871791280810E-07
  104     45     59     6.40772091336860E-20   6.66402974990334E-18
  104     46     58     5.57682801166665E-08   5.79990113213332E-06
  104     47     57     2.83475060534075E-12   2.94814062955439E-10
  104     48     56     1.72429405668213E-13   1.79326581894942E-11
  105     44     61     2.70525122378371E-10   2.84051378497289E-08
  105     45     60     2.41629741670959E-08   2.53711228754507E-06
  105     46     59     1.50107803312915E-08   1.57613193478561E-06
  105     47     58     1.03605458503638E-09   1.08785731428820E-07
  105     48     57     8.33959554605563E-14   8.75657532335841E-12
  105     49     56     3.81907314705662E-20   4.01002680440945E-18
  106     44     62     3.46867737709308E-10   3.67679801971867E-08
  106     45     61     3.25267213107008E-16   3.44783245893429E-14
  106     46     60     6.39805106624563E-08   6.78193413022037E-06
  106     47     59     1.93688194994326E-16   2.05309486693985E-14
  106     48     58     1.56434574227273E-09   1.65820648680909E-07
  106     49     57     1.70648562884661E-19   1.80887476657741E-17
  107     45     62     1.67268430612470E-15   1.78977220755343E-13
  107     46     61     4.25362033176832E-08   4.55137375499211E-06
  107     47     60     3.09735540769123E-09   3.31417028622961E-07
  107     48     59     2.01034949952709E-10   2.15107396449399E-08
  107     49     58     4.79129293546412E-16   5.12668344094661E-14
  108     46     62     5.25877868086127E-08   5.67948097533017E-06
  108     47     61     3.52293453239671E-18   3.80476929498844E-16
  108     48     60     1.10644002521838E-08   1.19495522723585E-06
  108     49     59     1.40060186847021E-13   1.51265001794782E-11
  109     45     64     1.47232825666840E-20   1.60483779976856E-18
  109     46     63     2.15800086379263E-08   2.35222094153396E-06
  109     47     62     3.71845374486804E-08   4.05311458190616E-06
  109     48     61     2.29458189784200E-09   2.50109426864778E-07
  109     49     60     4.79826740639422E-11   5.23011147296970E-09
  109     50     59     3.19980975602531E-20   3.48779263406759E-18
  110     46     64     4.00604939414537E-08   4.40665433355990E-06
  110     47     63     2.28240821671234E-19   2.51064903838358E-17
  110     48     62     3.34044034401283E-08   3.67448437841411E-06
  110     49     61     4.78121943105922E-11   5.25934137416514E-09
  110     50     60     3.21946125506904E-12   3.54140738057594E-10
  111     46     65     3.04390507393147E-15   3.37873463206393E-13
  111     47     64     4.21604342041545E-08   4.67980819666115E-06
  111     48     63     8.12220981975750E-09   9.01565289993083E-07
  111     49     62     6.15947956909587E-10   6.83702232169642E-08
  111     50     61     4.49810201827606E-16   4.99289324028643E-14
  112     46     66     7.39046477635202E-09   8.27732054951427E-07
  112     47     65     3.29148193754190E-09   3.68645977004693E-07
  112     48     64     4.79620324206998E-08   5.37174763111837E-06
  112     49     63     1.99964348059315E-17   2.23960069826432E-15
  112     50     62     4.93077890311575E-10   5.52247237148964E-08
  113     47     66     1.35106226669963E-08   1.52670036137058E-06
  113     48     65     3.83388091341388E-08   4.33228543215768E-06
  113     49     64     1.71820880978359E-09   1.94157595505546E-07
  113     50     63     1.46568198145152E-10   1.65622063904022E-08
  113     51     62     2.75356356392456E-19   3.11152682723475E-17
  114     48     66     6.56280881040854E-08   7.48160204386574E-06
  114     49     65     2.18216255956339E-18   2.48766531790227E-16
  114     50     64     4.30821665115611E-09   4.91136698231796E-07
  114     51     63     2.95535034936930E-19   3.36909939828100E-17
  115     47     68     4.63717772045632E-16   5.33275437852476E-14
  115     48     67     5.11783851071863E-08   5.88551428732642E-06
  115     49     66     9.88824673499553E-09   1.13714837452449E-06
  115     50     65     1.82685518767658E-09   2.10088346582807E-07
  115     51     64     1.25989964159484E-15   1.44888458783407E-13
  116     47     69     3.35543850355489E-20   3.89230866412367E-18
  116     48     68     4.47229006498616E-08   5.18785647538394E-06
  116     49     67     1.24692246774396E-19   1.44643006258300E-17
  116     50     66     1.48139359045069E-08   1.71841656492280E-06
  116     51     65     3.05736261997065E-14   3.54654063916596E-12
  116     52     64     2.58273060449064E-13   2.99596750120914E-11
  117     48     69     2.08379244416563E-09   2.43803715967379E-07
  117     49     68     8.46641676660518E-10   9.90570761692806E-08
  117     50     67     3.29261327224616E-08   3.85235752852800E-06
  117     51     66     5.27478387971529E-11   6.17149713926689E-09
  117     52     65     1.09830191360775E-14   1.28501323892107E-12
  118     48     70     1.10059867973087E-11   1.29870644208242E-09
  118     49     69     1.82519472692498E-14   2.15372977777147E-12
  118     50     68     4.94060343393171E-08   5.82991205203942E-06
  118     51     67     6.94061645968987E-15   8.18992742243405E-13
  118     52     66     1.66254221087743E-11   1.96179980883537E-09
  119     49     70     6.44520503160276E-20   7.66979398760728E-18
  119     50     69     3.69037053875491E-08   4.39154094111834E-06
  119     51     68     1.02624334063614E-09   1.22122957535700E-07
  119     52     67     1.06247267053751E-11   1.26434247793964E-09
  119     53     66     3.76641487168475E-20   4.48203369730485E-18
  120     50     70     5.50509228194586E-08   6.60611073833503E-06
  120     51     69     3.18542846764331E-17   3.82251416117198E-15
  120     52     68     1.19269104946179E-10   1.43122925935414E-08
  120     53     67     6.30605447142774E-15   7.56726536571329E-13
  120     54     66     4.15449590410648E-18   4.98539508492778E-16
  121     49     72     1.05092479347109E-20   1.27161900010002E-18
  121     50     71     4.87303552441607E-08   5.89637298454345E-06
  121     51     70     1.55698098938821E-08   1.88394699715974E-06
  121     52     69     1.27229378036291E-10   1.53947547423912E-08
  121     53     68     4.48530848902991E-13   5.42722327172619E-11
  121     54     67     5.40874281050346E-18   6.54457880070919E-16
  122     50     72     5.86970993392213E-08   7.16104611938500E-06
  122     51     71     2.70742906219416E-09   3.30306345587688E-07
  122     52     70     1.51931091512176E-09   1.85355931644855E-07
  122     53     69     2.20514930130517E-15   2.69028214759231E-13
  122     54     68     7.30108059500869E-13   8.90731832591060E-11
  123     50     73     6.24803310712665E-08   7.68508072176578E-06
  123     51     72     1.48295810791031E-08   1.82403847272968E-06
  123     52     71     1.35596396040883E-13   1.66783567130286E-11
  123     53     70     6.44090751169624E-11   7.92231623938637E-09
  123     54     69     6.99029407988434E-14   8.59806171825773E-12
  124     50     74     3.39086618965721E-08   4.20467407517495E-06
  124     51     73     6.23452526606684E-09   7.73081132992288E-07
  124     52     72     9.81392646184553E-09   1.21692688126885E-06
  124     53     71     8.27125418285383E-11   1.02563551867388E-08
  124     54     70     9.63762486581629E-12   1.19506548336122E-09
  125     50     75     1.86229727290848E-08   2.32787159113560E-06
  125     51     74     2.23015817557747E-08   2.78769771947184E-06
  125     52     73     4.24852107231581E-09   5.31065134039476E-07
  125     53     72     6.32238896540811E-10   7.90298620676014E-08
  125     54     71     9.28688848147655E-12   1.16086106018457E-09
  125     55     70     1.95799821025806E-16   2.44749776282258E-14
  126     50     76     3.87153880152861E-09   4.87813888992605E-07
  126     51     75     1.48148713934679E-08   1.86667379557695E-06
  126     52     74     3.41173522372217E-08   4.29878638188993E-06
  126     53     73     4.68968578583992E-10   5.90900409015830E-08
  126     54     72     1.05604905131860E-10   1.33062180466144E-08
  126     55     71     1.78318237280149E-17   2.24680978972988E-15
  126     56     70     1.06843810520148E-15   1.34623201255387E-13
  127     50     77     4.83455314994271E-11   6.13988250042725E-09
  127     51     76     3.36158758903803E-08   4.26921623807830E-06
  127     52     75     7.39776409611142E-09   9.39516040206150E-07
  127     53     74     8.14442258889184E-09   1.03434166878926E-06
  127     54     73     8.92793747961557E-11   1.13384805991118E-08
  127     55     72     3.07500772168444E-12   3.90525980653924E-10
  128     50     78     1.41175300679280E-13   1.80704384869479E-11
  128     51     77     7.55829705912585E-09   9.67462023568108E-07
  128     52     76     5.62835795722867E-08   7.20429818525269E-06
  128     53     75     1.00027131113598E-15   1.28034727825406E-13
  128     54     74     2.69126091138176E-09   3.44481396656865E-07
  128     55     73     9.61780739356206E-16   1.23107934637594E-13
  128     56     72     9.16859913938576E-13   1.17358068984138E-10
  129     51     78     4.54236638387737E-09   5.85965263520180E-07
  129     52     77     1.69750272643876E-09   2.18977851710600E-07
  129     53     76     3.72631035349089E-08   4.80694035600325E-06
  129     54     75     5.50973530927981E-10   7.10755854897096E-08
  129     55     74     6.96660888075303E-11   8.98692545617141E-09
  129     56     73     7.46003759526579E-14   9.62344849789288E-12
  130     51     79     3.17631444314193E-13   4.12920877608451E-11
  130     52     78     4.07955574308398E-08   5.30342246600917E-06
  130     53     77     3.85095462055330E-09   5.00624100671930E-07
  130     54     76     9.25268051524674E-09   1.20284846698208E-06
  130     55     75     4.85515929349708E-16   6.31170708154621E-14
  130     56     74     1.25454024279666E-11   1.63090231563565E-09
  131     51     80     1.47146527414956E-16   1.92761950913593E-14
  131     52     79     7.55148446237418E-15   9.89244464571017E-13
  131     53     78     2.86984351246075E-08   3.75949500132359E-06
  131     54     77     4.99118408547045E-09   6.53845115196629E-07
  131     55     76     6.14216267028207E-10   8.04623309806951E-08
  131     56     75     1.71434075675242E-11   2.24578639134567E-09
  131     57     74     9.89145934384232E-16   1.29578117404334E-13
  132     52     80     2.64595978190448E-09   3.49266691211391E-07
  132     53     79     1.31183483830960E-09   1.73162198656867E-07
  132     54     78     4.57442348626834E-08   6.03823900187421E-06
  132     55     77     6.18811621807878E-10   8.16831340786399E-08
  132     56     76     1.19133083926060E-10   1.57255670782399E-08
  132     57     75     3.61685112192154E-13   4.77424348093644E-11
  132     58     74     1.31673351239139E-14   1.73808823635663E-12
  133     52     81     4.33362997142488E-20   5.76372786199509E-18
  133     53     80     2.55673100647897E-08   3.40045223861703E-06
  133     54     79     2.50021210885312E-08   3.32528210477466E-06
  133     55     78     4.01795116211843E-09   5.34387504561751E-07
  133     56     77     1.86527256337154E-10   2.48081250928415E-08
  133     57     76     1.71756463599814E-12   2.28436096587752E-10
  133     58     75     5.15654296298840E-15   6.85820214077457E-13
  134     52     82     4.13662589148720E-15   5.54307869459285E-13
  134     53     81     1.71597754569042E-11   2.29940991122516E-09
  134     54     80     7.08140520354790E-08   9.48908297275419E-06
  134     55     79     2.76365715069222E-09   3.70330058192758E-07
  134     56     78     1.38580452263049E-09   1.85697806032485E-07
  134     57     77     4.62328193408125E-15   6.19519779166888E-13
  134     58     76     3.25596117930683E-12   4.36298798027115E-10
  135     53     82     2.67628510507933E-09   3.61298489185709E-07
  135     54     81     1.17912136150888E-08   1.59181383803699E-06
  135     55     80     2.25810873208692E-08   3.04844678831735E-06
  135     56     79     1.25881362518862E-09   1.69939839400464E-07
  135     57     78     1.55720965401078E-10   2.10223303291456E-08
  135     58     77     7.44452667025222E-12   1.00501110048405E-09
  135     59     76     1.60740964087269E-19   2.17000301517813E-17
  136     54     82     1.09656124077789E-08   1.49132328745793E-06
  136     55     81     9.40949330304102E-09   1.27969108921358E-06
  136     56     80     1.89555423384930E-08   2.57795375803505E-06
  136     57     79     1.45981603006353E-17   1.98534980088640E-15
  136     58     78     1.24906287208603E-10   1.69872550603700E-08
  136     59     77     2.28031103181286E-17   3.10122300326550E-15
  136     60     76     6.49385885465654E-17   8.83164804233290E-15
  137     54     83     2.94611182425215E-20   4.03617319922545E-18
  137     55     82     6.56990245953756E-08   9.00076636956646E-06
  137     56     81     2.20392040136301E-08   3.01937094986732E-06
  137     57     80     2.70400642060438E-09   3.70448879622800E-07
  137     58     79     9.23251739791377E-11   1.26485488351419E-08
  137     59     78     1.07896826161138E-13   1.47818651840759E-11
  137     60     77     4.00603874012653E-17   5.48827307397335E-15
  138     55     83     8.63205432209321E-14   1.19122349644886E-11
  138     56     82     9.98408781789427E-08   1.37780411886941E-05
  138     57     81     5.35898151222420E-09   7.39539448686939E-07
  138     58     80     1.94442636910513E-09   2.68330838936508E-07
  138     59     79     8.56878275499073E-15   1.18249202018872E-12
  138     60     78     1.77400441876225E-12   2.44812609789191E-10
  139     56     83     9.73583781312312E-11   1.35328145602411E-08
  139     57     82     3.93304390731322E-08   5.46693103116537E-06
  139     58     81     2.96092438421398E-09   4.11568489405743E-07
  139     59     80     1.98593940633135E-10   2.76045577480057E-08
  139     60     79     7.92525289795419E-17   1.10161015281563E-14
  139     61     78     1.41744084245464E-20   1.97024277101196E-18
  140     56     84     2.88386364439059E-09   4.03740910214682E-07
  140     57     83     4.81110555620231E-09   6.73554777868323E-07
  140     58     82     9.90667279092534E-08   1.38693419072955E-05
  140     59     81     1.62189698760060E-13   2.27065578264084E-11
  140     60     80     2.32322102892995E-10   3.25250944050194E-08
  141     56     85     7.09803952889070E-19   1.00082357357359E-16
  141     57     84     1.71306788263852E-09   2.41542571452031E-07
  141     58     83     2.45407680727670E-08   3.46024829826015E-06
  141     59     82     1.39958977576131E-08   1.97342158382345E-06
  141     60     81     2.14157237692883E-11   3.01961705146964E-09
  141     61     80     2.04989480128571E-18   2.89035166981286E-16
  142     57     85     6.32386978939985E-11   8.97989510094778E-09
  142     58     84     5.10421199138443E-08   7.24798102776589E-06
  142     59     83     2.90226927027578E-09   4.12122236379161E-07
  142     60     82     3.46336716236171E-09   4.91798137055363E-07
  142     61     81     3.73683042455362E-17   5.30629920286614E-15
  142     62     80     3.96968760848182E-15   5.63695640404418E-13
  143     57     86     2.70345699944347E-19   3.86594350920416E-17
  143     58     85     2.34069087796737E-08   3.34718795549334E-06
  143     59     84     1.00054977114303E-08   1.43078617273454E-06
  143     60     83     7.04559241456619E-10   1.00751971528297E-07
  143     61     82     8.27360509151265E-11   1.18312552808631E-08
  143     62     81     2.59761128597558E-20   3.71458413894508E-18
  144     58     86     4.88745229565041E-08   7.03793130573659E-06
  144     59     85     2.06628267214811E-12   2.97544704789328E-10
  144     60     84     4.24906511795852E-09   6.11865376986027E-07
  144     61     83     3.83584856729099E-11   5.52362193689903E-09
  144     62     82     1.19321417264018E-11   1.71822840860185E-09
  145     59     86     5.19207848451393E-09   7.52851380254520E-07
  145     60     85     1.00025599048156E-08   1.45037118619827E-06
  145     61     84     1.34915458086707E-10   1.95627414225725E-08
  145     62     83     4.43753924338065E-12   6.43443190290195E-10
  145     63     82     2.44916933237484E-13   3.55129553194352E-11
  146     58     88     3.32510641897182E-20   4.85465537169886E-18
  146     59     87     1.15092471963021E-14   1.68035009066011E-12
  146     60     86     2.28383289356101E-08   3.33439602459908E-06
  146     61     85     4.20605795273337E-11   6.14084461099073E-09
  146     62     84     2.74322758220261E-11   4.00511227001581E-09
  146     63     83     1.77832494759563E-13   2.59635442348963E-11
  146     64     82     1.31544872788491E-14   1.92055514271196E-12
  147     59     88     1.18995349753073E-19   1.74923164137017E-17
  147     60     87     1.54761295604235E-08   2.27499104538226E-06
  147     61     86     9.94369956695187E-10   1.46172383634193E-07
  147     62     85     1.68362698844125E-11   2.47493167300863E-09
  147     63     84     7.43158659755902E-13   1.09244322984118E-10
  147     64     83     6.12326916973195E-15   9.00120567950596E-13
  147     65     82     2.97319987645832E-18   4.37060381839373E-16
  148     59     89     1.05650123216339E-20   1.56362182360181E-18
  148     60     88     1.32699681323827E-08   1.96395528359265E-06
  148     61     87     2.09197839371075E-10   3.09612802269191E-08
  148     62     86     8.79083812119888E-11   1.30104404193743E-08
  148     63     85     3.79602643902265E-13   5.61811912975352E-11
  148     64     84     5.69239129679821E-14   8.42473911926135E-12
  148     65     83     3.73930495117354E-19   5.53417132773683E-17
  149     59     90     1.21388751522992E-20   1.80869239769258E-18
  149     60     89     4.46179124446300E-10   6.64806895424986E-08
  149     61     88     1.37009254897022E-08   2.04143789796563E-06
  149     62     87     1.26713652429691E-09   1.88803342120239E-07
  149     63     86     2.40653232015088E-12   3.58573315702480E-10
  149     64     85     2.64279533367116E-14   3.93776504717002E-12
  149     65     84     2.40313026416002E-16   3.58066409359843E-14
  150     60     90     2.70048005035401E-08   4.05072007553101E-06
  150     61     89     3.21259129338685E-11   4.81888694008028E-09
  150     62     88     4.95311291521606E-10   7.42966937282409E-08
  150     63     87     2.59125891149632E-12   3.88688836724448E-10
  150     64     86     2.98698373540897E-13   4.48047560311346E-11
  150     65     85     3.11583661915588E-16   4.67375492873382E-14
  151     60     91     1.20493031668191E-19   1.81944477818969E-17
  151     61     90     3.82247316553243E-08   5.77193447995398E-06
  151     62     89     8.88226542535891E-09   1.34122207922919E-06
  151     63     88     4.94853380259965E-12   7.47228604192547E-10
  151     64     87     1.99573700434067E-13   3.01356287655441E-11
  151     65     86     9.09253955893516E-15   1.37297347339921E-12
  152     61     91     1.01051223322531E-19   1.53597859450247E-17
  152     62     90     7.16998227616118E-08   1.08983730597650E-05
  152     63     89     6.50073134011178E-12   9.88111163696990E-10
  152     64     88     2.34646888141688E-12   3.56663269975366E-10
  152     65     87     1.61007350284228E-14   2.44731172432027E-12
  152     66     86     1.25226014879337E-16   1.90343542616592E-14
  153     61     92     5.76583260822505E-20   8.82172389058433E-18
  153     62     91     3.24221313327103E-08   4.96058609390468E-06
  153     63     90     4.52357586445949E-09   6.92107107262302E-07
  153     64     89     1.24921650824995E-12   1.91130125762242E-10
  153     65     88     1.14373678557438E-13   1.74991728192880E-11
  153     66     87     5.35261374676841E-16   8.18949903255566E-14
  154     61     93     2.55516198435531E-20   3.93494945590717E-18
  154     62     92     3.47478388551962E-08   5.35116718370021E-06
  154     63     91     6.51493459922221E-11   1.00329992828022E-08
  154     64     90     2.63912756557130E-11   4.06425645097981E-09
  154     65     89     6.56085690370819E-14   1.01037196317106E-11
  154     66     88     1.90188727731392E-14   2.92890640706343E-12
  155     62     93     2.99967749160947E-15   4.64950011199468E-13
  155     63     92     3.58699580385877E-08   5.55984349598109E-06
  155     64     91     2.84244307641811E-11   4.40578676844808E-09
  155     65     90     1.23106687946882E-12   1.90815366317668E-10
  155     66     89     1.11316596300780E-14   1.72540724266209E-12
  155     67     88     4.75155576607355E-19   7.36491143741401E-17
  156     62     94     6.22345864614871E-09   9.70859548799199E-07
  156     63     93     6.75324366707521E-09   1.05350601206373E-06
  156     64     92     2.15422783923451E-10   3.36059542920583E-08
  156     65     91     1.50589844543613E-12   2.34920157488036E-10
  156     66     90     2.07489716206173E-13   3.23683957281630E-11
  156     67     89     6.17729960624480E-18   9.63658738574189E-16
  157     62     95     6.42573628916199E-20   1.00884059739843E-17
  157     63     94     2.87333145842938E-08   4.51113038973413E-06
  157     64     93     1.39162658169794E-08   2.18485373326576E-06
  157     65     92     1.15293756110205E-11   1.81011197093021E-09
  157     66     91     1.80230399329558E-13   2.82961726947405E-11
  158     63     95     2.68347274790903E-11   4.23988694169627E-09
  158     64     94     6.77908676907727E-08   1.07109570951421E-05
  158     65     93     1.51727099860219E-11   2.39728817779145E-09
  158     66     92     4.49845742463887E-12   7.10756273092941E-10
  158     67     91     1.79677926983541E-17   2.83891124633995E-15
  158     68     90     1.99959610983831E-16   3.15936185354452E-14
  159     63     96     7.60363139716070E-17   1.20897739214855E-14
  159     64     95     2.85971909633966E-08   4.54695336318006E-06
  159     65     94     1.05950323212466E-08   1.68461013907821E-06
  159     66     93     7.22042070741959E-12   1.14804689247972E-09
  159     67     92     9.23865846184602E-18   1.46894669543352E-15
  159     68     91     2.79192730362718E-19   4.43916441276722E-17
  160     64     96     3.73424391110524E-08   5.97479025776839E-06
  160     65     95     1.36690603919508E-10   2.18704966271213E-08
  160     66     94     5.20780311766983E-11   8.33248498827173E-09
  160     67     93     7.37839362912912E-16   1.18054298066066E-13
  160     68     92     4.79842064995592E-14   7.67747303992947E-12
  161     64     97     1.84843277811214E-20   2.97597677276054E-18
  161     65     96     2.05094610748466E-08   3.30202323305030E-06
  161     66     95     8.19554312574283E-10   1.31948244324460E-07
  161     67     94     2.97296837776030E-13   4.78647908819408E-11
  161     68     93     1.69873611295120E-14   2.73496514185142E-12
  161     69     92     3.18583274853744E-20   5.12919072514528E-18
  162     65     97     1.43875601889954E-19   2.33078475061725E-17
  162     66     96     2.59130878665907E-08   4.19792023438769E-06
  162     67     95     3.93264918855207E-17   6.37089168545436E-15
  162     68     94     8.16080009447864E-13   1.32204961530554E-10
  163     65     98     3.29038037874427E-16   5.36332001735316E-14
  163     66     97     4.04774149441272E-08   6.59781863589274E-06
  163     67     96     3.72193953530047E-11   6.06676144253976E-09
  163     68     95     1.94534984091038E-14   3.17092024068393E-12
  163     69     94     4.18388723104027E-15   6.81973618659564E-13
  164     65     99     3.96114034761031E-20   6.49627017008090E-18
  164     66     98     5.14821883639778E-08   8.44307889169236E-06
  164     67     97     2.81054725946381E-16   4.60929750552066E-14
  164     68     96     4.12126992720576E-11   6.75888268061745E-09
  164     69     95     5.38632535070895E-18   8.83357357516268E-16
  164     70     94     1.96251400651151E-16   3.21852297067888E-14
  165     66     99     3.34268940428213E-09   5.51543751706551E-07
  165     67     98     4.13895690519085E-08   6.82927889356490E-06
  165     68     97     1.42173585213766E-11   2.34586415602714E-09
  165     69     96     1.49119085550550E-12   2.46046491158408E-10
  166     66    100     2.90230790586472E-08   4.81783112373544E-06
  166     67     99     2.26957598279408E-09   3.76749613143817E-07
  166     68     98     4.74459482722710E-10   7.87602741319698E-08
  166     69     97     2.12429923400660E-12   3.52633672845095E-10
  166     70     96     3.37672574579269E-13   5.60536473801587E-11
  167     67    100     3.78393600803946E-09   6.31917313342590E-07
  167     68     99     2.40665205361212E-08   4.01910892953223E-06
  167     69     98     1.77898292835840E-11   2.97090149035853E-09
  167     70     97     1.70385419182885E-17   2.84543650035418E-15
  167     71     96     3.22317266531899E-17   5.38269835108272E-15
  168     67    101     7.90375850398672E-20   1.32783142866977E-17
  168     68    100     4.89727887461504E-08   8.22742850935326E-06
  168     69     99     2.72862926844150E-11   4.58409717098172E-09
  168     70     98     5.39600723104781E-12   9.06529214816032E-10
  169     67    102     1.21675429970069E-19   2.05631476649416E-17
  169     68    101     6.16267438083753E-08   1.04149197036154E-05
  169     69    100     1.76224660122619E-09   2.97819675607226E-07
  169     70     99     1.11642927733408E-11   1.88676547869460E-09
  169     71     98     5.91135976553069E-13   9.99019800374686E-11
  170     67    103     4.38483981781944E-20   7.45422769029304E-18
  170     68    102     6.53405622374318E-08   1.11078955803634E-05
  170     69    101     2.74939147850065E-10   4.67396551345111E-08
  170     70    100     6.38928347515647E-11   1.08617819077660E-08
  170     71     99     1.55797600999707E-12   2.64855921699502E-10
  170     72     98     7.60469928982601E-14   1.29279887927042E-11
  171     68    103     1.34290509150725E-08   2.29636770647740E-06
  171     69    102     1.78613870481990E-08   3.05429718524203E-06
  171     70    101     1.06436189759102E-10   1.82005884488064E-08
  171     71    100     6.10683322500644E-12   1.04426848147610E-09
  171     72     99     1.41232211587783E-13   2.41507081815108E-11
  172     68    104     2.46780993302249E-08   4.24463308479869E-06
  172     69    103     4.33623026544713E-09   7.45831605656906E-07
  172     70    102     6.43468625990665E-10   1.10676603670394E-07
  172     71    101     1.08963008802899E-11   1.87416375140986E-09
  172     72    100     1.87908737628185E-12   3.23203028720478E-10
  172     73     99     2.48033164309620E-18   4.26617042612547E-16
  173     69    104     1.84691007120125E-08   3.19515442317817E-06
  173     70    103     2.03899580287178E-08   3.52746273896817E-06
  173     71    102     5.22864296290174E-11   9.04555232582001E-09
  173     72    101     2.96234264810231E-12   5.12485278121700E-10
  173     73    100     2.37938042906125E-14   4.11632814227596E-12
  174     69    105     1.14534009987329E-19   1.99289177377953E-17
  174     70    104     5.51012264942909E-08   9.58761341000662E-06
  174     71    103     1.08614619244113E-10   1.88989437484757E-08
  174     72    102     1.82955375444011E-11   3.18342353272579E-09
  174     73    101     2.55115865767561E-15   4.43901606435556E-13
  174     74    100     3.68450395843951E-19   6.41103688768475E-17
  175     69    106     2.03880304739251E-18   3.56790533293690E-16
  175     70    105     4.25959955387078E-08   7.45429921927387E-06
  175     71    104     2.85242457359014E-09   4.99174300378274E-07
  175     72    103     3.29796524163334E-11   5.77143917285834E-09
  175     73    102     8.80825249524560E-13   1.54144418666798E-10
  175     74    101     1.90659551391487E-18   3.33654214935102E-16
  176     69    107     1.04914162931157E-20   1.84648926758836E-18
  176     70    106     3.41853969106235E-08   6.01662985626974E-06
  176     71    105     6.08353429621763E-10   1.07070203613430E-07
  176     72    104     1.11657038041680E-10   1.96516386953357E-08
  176     73    103     8.97328454322630E-13   1.57929807960783E-10
  176     74    102     3.32949689906426E-14   5.85991454235311E-12
  177     70    107     9.52690533628601E-10   1.68626224452262E-07
  177     71    106     2.27014673595536E-08   4.01815972264099E-06
  177     72    105     7.43537254060288E-10   1.31606093968671E-07
  177     73    104     1.78570946209297E-11   3.16070574790456E-09
  177     74    103     3.07674346491761E-14   5.44583593290417E-12
  178     70    108     2.92277067531552E-10   5.20253180206162E-08
  178     71    107     1.81282106840210E-10   3.22682150175573E-08
  178     72    106     4.21496390621889E-08   7.50263575306963E-06
  178     73    105     2.94971266391839E-16   5.25048854177474E-14
  178     74    104     5.45079693931019E-12   9.70241855197215E-10
  178     75    103     1.01455652496401E-20   1.80591061443593E-18
  179     70    109     1.55993728379083E-20   2.79228773798558E-18
  179     71    108     1.08283125378393E-08   1.93826794427323E-06
  179     72    107     2.90151400853356E-08   5.19371007527508E-06
  179     73    106     9.63298914743438E-11   1.72430505739075E-08
  179     74    105     5.76470925767622E-16   1.03188295712404E-13
  179     75    104     8.14855574397432E-20   1.45859147817140E-17
  180     71    109     6.29644694431823E-20   1.13336044997728E-17
  180     72    108     3.56003352685673E-08   6.40806034834212E-06
  180     73    107     9.09828449637179E-11   1.63769120934692E-08
  180     74    106     6.64711964241451E-11   1.19648153563461E-08
  180     75    105     3.40654194012782E-20   6.13177549223007E-18
  180     76    104     1.16520538886344E-20   2.09736969995419E-18
  181     71    110     1.98429693340942E-20   3.59157744947104E-18
  181     72    109     1.99772977330012E-08   3.61589088967322E-06
  181     73    108     8.49771416060530E-10   1.53808626306956E-07
  181     74    107     5.95103301880448E-11   1.07713697640361E-08
  181     75    106     4.12139919186280E-12   7.45973253727167E-10
  181     76    105     5.82242764471148E-15   1.05385940369278E-12
  182     72    110     1.18150694832385E-08   2.15034264594942E-06
  182     73    109     1.10569306404561E-09   2.01236137656302E-07
  182     74    108     2.67290219615194E-10   4.86468199699652E-08
  182     75    107     7.09498129732077E-12   1.29128659611238E-09
  182     76    106     1.02070272669637E-12   1.85767896258740E-10
  183     72    111     6.56638705733027E-11   1.20164883149144E-08
  183     73    110     2.70108096121110E-08   4.94297815901632E-06
  183     74    109     1.40412781500694E-09   2.56955390146270E-07
  183     75    108     3.85632906329197E-11   7.05708218582431E-09
  183     76    107     1.42571422857913E-12   2.60905703829981E-10
  183     77    106     2.32970596745536E-16   4.26336192044331E-14
  184     72    112     8.43596269058251E-09   1.55221713506718E-06
  184     73    111     1.97691232678565E-08   3.63751868128559E-06
  184     74    110     1.13223624640265E-08   2.08331469338089E-06
  184     75    109     7.02691749744747E-11   1.29295281953033E-08
  184     76    108     1.44483260768643E-11   2.65849199814303E-09
  184     77    107     4.12640770031197E-14   7.59259016857403E-12
  185     73    112     2.42148785215011E-11   4.47975252647771E-09
  185     74    111     3.72737332717202E-08   6.89564065526824E-06
  185     75    110     2.74346997234531E-10   5.07541944883883E-08
  185     76    109     1.85131062623819E-11   3.42492465854065E-09
  185     77    108     8.61104666824724E-13   1.59304363362574E-10
  185     78    107     2.37896236623994E-16   4.40108037754389E-14
  186     73    113     1.31032105558354E-19   2.43719716338539E-17
  186     74    112     3.67972383001517E-08   6.84428632382821E-06
  186     75    111     3.58563028936430E-10   6.66927233821760E-08
  186     76    110     9.75994478889924E-11   1.81534973073526E-08
  186     77    109     1.47849989444336E-12   2.75000980366465E-10
  186     78    108     1.94997092045463E-14   3.62694591204561E-12
  187     73    114     1.91930610037853E-20   3.58910240770784E-18
  187     74    113     2.06208701429090E-08   3.85610271672398E-06
  187     75    112     6.58176097528187E-09   1.23078930237771E-06
  187     76    111     8.35111864879805E-11   1.56165918732523E-08
  187     77    110     6.05874803959583E-12   1.13298588340442E-09
  187     78    109     5.57216940984768E-14   1.04199567964152E-11
  188     74    114     2.88824664252367E-08   5.42990368794450E-06
  188     75    113     6.01886915092921E-10   1.13154740037469E-07
  188     76    112     5.48405197137475E-10   1.03100177061845E-07
  188     77    111     2.03305267886832E-11   3.82213903627244E-09
  188     78    110     4.44715833940170E-12   8.36065767807520E-10
  189     74    115     4.31214163720590E-20   8.14994769431914E-18
  189     75    114     2.36732544451711E-08   4.47424509013734E-06
  189     76    113     6.71510292788844E-09   1.26915445337092E-06
  189     77    112     1.18598047388563E-10   2.24150309564384E-08
  189     78    111     4.42373766040164E-12   8.36086417815910E-10
  189     79    110     2.16951524386501E-18   4.10038381090487E-16
  190     74    116     1.51889223725685E-13   2.88589525078802E-11
  190     75    115     1.75041378481044E-14   3.32578619113983E-12
  190     76    114     3.34839558740165E-08   6.36195161606313E-06
  190     77    113     1.96715638990570E-10   3.73759714082082E-08
  190     78    112     7.10048776874327E-11   1.34909267606122E-08
  190     79    111     3.57344240521312E-16   6.78954056990492E-14
  191     75    116     2.61425187305797E-19   4.99322107754072E-17
  191     76    115     3.10528933138442E-08   5.93110262294425E-06
  191     77    114     1.12775838001995E-09   2.15401850583810E-07
  191     78    113     5.75702350345664E-11   1.09959148916022E-08
  191     79    112     9.85036457334783E-13   1.88141963350944E-10
  191     80    111     9.86178841880065E-17   1.88360158799093E-14
  192     75    117     1.04007992721998E-20   1.99695346026235E-18
  192     76    116     5.72826321252788E-08   1.09982653680535E-05
  192     77    115     9.79161947065595E-10   1.87999093836594E-07
  192     78    114     3.48190537600094E-10   6.68525832192180E-08
  192     79    113     3.18054473560858E-12   6.10664589236848E-10
  192     80    112     4.17049232022800E-13   8.00734525483776E-11
  193     75    118     1.32292069102407E-19   2.55323693367646E-17
  193     76    117     7.67653668020125E-08   1.48157157927884E-05
  193     77    116     1.94082770596847E-08   3.74579747251914E-06
  193     78    115     3.22428210532000E-10   6.22286446326761E-08
  193     79    114     3.04688332935254E-11   5.88048482565041E-09
  193     80    113     6.91372239651198E-13   1.33434842252681E-10
  193     81    112     6.83406813307250E-20   1.31897514968299E-17
  194     75    119     1.89573785562916E-20   3.67773143992056E-18
  194     76    118     6.61181718452778E-08   1.28269253379839E-05
  194     77    117     4.87492114291815E-09   9.45734701726120E-07
  194     78    116     3.13715441430936E-09   6.08607956376016E-07
  194     79    115     5.54793201798416E-11   1.07629881148893E-08
  194     80    114     2.73739676341752E-11   5.31054972102999E-09
  194     81    113     3.02870179195390E-17   5.87568147639057E-15
  195     76    119     1.14756440747044E-20   2.23775059456735E-18
  195     77    118     6.70008671768912E-09   1.30651690994938E-06
  195     78    117     6.67064018157479E-08   1.30077483540708E-05
  195     79    116     3.73255273470838E-10   7.27847783268135E-08
  195     80    115     3.64410644049652E-11   7.10600755896822E-09
  195     81    114     3.55792419805531E-14   6.93795218620786E-12
  196     76    120     3.31009381669940E-12   6.48778388073083E-10
  196     77    119     8.44582958001939E-14   1.65538259768380E-11
  196     78    118     1.25125624016638E-07   2.45246223072610E-05
  196     79    117     6.85624800405317E-10   1.34382460879442E-07
  196     80    116     4.11964044223275E-10   8.07449526677619E-08
  196     81    115     4.25918146202452E-13   8.34799566556805E-11
  196     82    114     6.76709407224302E-17   1.32635043815963E-14
  197     77    120     3.81294395993999E-19   7.51149960108178E-17
  197     78    119     9.39437824387437E-08   1.85069251404325E-05
  197     79    118     3.60976496358982E-08   7.11123697827194E-06
  197     80    117     4.21500603654688E-10   8.30356189199736E-08
  197     81    116     5.68622224611775E-12   1.12018578248520E-09
  197     82    115     3.81350299303741E-20   7.51260089628370E-18
  198     78    120     2.53342258794733E-07   5.01617672413572E-05
  198     79    119     3.13845192923660E-09   6.21413481988846E-07
  198     80    118     1.62009401035387E-09   3.20778614050067E-07
  198     81    117     2.60284792599260E-11   5.15363889346534E-09
  198     82    116     1.45836180528035E-12   2.88755637445510E-10
  198     83    115     1.16915269000671E-20   2.31492232621330E-18
  199     78    121     1.24131851200844E-12   2.47022383889679E-10
  199     79    120     1.68613212841787E-07   3.35540293555157E-05
  199     80    119     1.45804112649375E-08   2.90150184172256E-06
  199     81    118     1.92298036366363E-10   3.82673092369062E-08
  199     82    117     3.93128230380623E-13   7.82325178457439E-11
  199     83    116     2.37543526921062E-18   4.72711618572914E-16
  200     77    123     9.76707133276268E-20   1.95341426655254E-17
  200     78    122     2.11117532885328E-07   4.22235065770657E-05
  200     79    121     1.43985822283390E-08   2.87971644566779E-06
  200     80    120     1.31169693019765E-07   2.62339386039530E-05
  200     81    119     3.64567474149656E-10   7.29134948299312E-08
  200     82    118     1.01778916071513E-10   2.03557832143026E-08
  200     83    117     1.28330353162551E-16   2.56660706325103E-14
  201     77    124     9.02349949841333E-20   1.81372339918108E-17
  201     78    123     2.39761039094636E-18   4.81919688580219E-16
  201     79    122     2.87213045278084E-13   5.77298221008949E-11
  201     80    121     3.07157144880064E-07   6.17385861208929E-05
  201     81    120     1.66987310666085E-09   3.35644494438830E-07
  201     82    119     9.55320235813270E-11   1.92019367398467E-08
  201     83    118     3.28447347531460E-13   6.60179168538235E-11
  202     78    124     2.27531713145395E-07   4.59614060553698E-05
  202     79    123     4.09038721952064E-11   8.26258218343168E-09
  202     80    122     5.31836710695422E-08   1.07431015560475E-05
  202     81    121     1.51273944692105E-09   3.05573368278053E-07
  202     82    120     5.48743194615377E-10   1.10846125312306E-07
  202     83    119     5.23983659150851E-13   1.05844699148472E-10
  202     84    118     3.56005022602105E-16   7.19130145656251E-14
  203     79    124     2.44203740838217E-20   4.95733593901580E-18
  203     80    123     2.31957262637230E-07   4.70873243153577E-05
  203     81    122     6.73899660674109E-09   1.36801631116844E-06
  203     82    121     5.00774236698353E-10   1.01657170049766E-07
  203     83    120     3.48916144459630E-11   7.08299773253048E-09
  203     84    119     8.67969479736170E-17   1.76197804386442E-14
  204     80    124     3.01506006628529E-08   6.15072253522198E-06
  204     81    123     3.01718253187137E-09   6.15505236501760E-07
  204     82    122     1.20052079765300E-09   2.44906242721211E-07
  204     83    121     5.33177453828106E-11   1.08768200580934E-08
  204     84    120     1.70996414987531E-12   3.48832686574563E-10
  205     80    125     2.58944918694440E-20   5.30837083323601E-18
  205     81    124     4.33930531395265E-08   8.89557589360294E-06
  205     82    123     1.75620402278200E-09   3.60021824670310E-07
  205     83    122     2.35859020657333E-10   4.83510992347533E-08
  205     84    121     3.61146828609279E-13   7.40350998649022E-11
  206     81    125     7.79920876360446E-20   1.60663700530252E-17
  206     82    124     1.67323847274793E-08   3.44687125386073E-06
  206     83    123     2.96552423928591E-10   6.10897993292898E-08
  206     84    122     5.57323855308191E-11   1.14808714193487E-08
  206     85    121     6.32018581286255E-18   1.30195827744969E-15
  207     81    126     1.33991690846472E-19   2.77362800052197E-17
  207     82    125     1.62016887796793E-08   3.35374957739362E-06
  207     83    124     5.65819837635159E-10   1.17124706390478E-07
  207     84    123     1.89116358799887E-11   3.91470862715767E-09
  207     85    122     1.98383267812728E-13   4.10653364372347E-11
  208     80    128     3.90541935389046E-17   8.12327225609216E-15
  208     81    127     6.17171675462271E-17   1.28371708496152E-14
  208     82    126     3.78427819807592E-09   7.87129865199791E-07
  208     83    125     4.87314303749083E-10   1.01361375179809E-07
  208     84    124     2.53949764022712E-10   5.28215509167240E-08
  208     85    123     1.97008166951082E-13   4.09776987258251E-11
  209     81    128     1.33956093985711E-19   2.79968236430136E-17
  209     82    127     5.32318680059730E-12   1.11254604132484E-09
  209     83    126     1.77385716817590E-09   3.70736148148762E-07
  209     84    125     1.67340745336775E-10   3.49742157753859E-08
  209     85    124     6.66635609274533E-12   1.39326842338377E-09
  210     82    128     7.17190599958455E-13   1.50610025991276E-10
  210     83    127     6.74610595554063E-11   1.41668225066353E-08
  210     84    126     2.19422745505117E-10   4.60787765560746E-08
  210     85    125     9.57416326356910E-12   2.01057428534951E-09
  211     82    129     7.57323831590819E-19   1.59795328465663E-16
  211     83    128     4.76290055981504E-20   1.00497201812097E-17
  211     84    127     1.42159800932721E-16   2.99957179968041E-14
  211     85    126     1.23080973458617E-11   2.59700853997682E-09
  212     82    130     4.48166165656765E-16   9.50112271192342E-14
  212     83    129     3.07472194425079E-15   6.51841052181167E-13
  213     83    130     1.22043711662819E-16   2.59953105841805E-14
