# 1:A 2:Z 3:N 4:Yi 5:Xi
    1      0      1     1.03331427938841E-12   1.03331427938841E-12
    1      1      0     5.01590144009162E-05   5.01590144009162E-05
    2      1      1     7.53948035843062E-10   1.50789607168612E-09
    3      1      2     2.87406471394764E-06   8.62219414184294E-06
    3      2      1     2.88859142131090E-06   8.66577426393270E-06
    4      2      2     1.28099963709505E-01   5.12399854838019E-01
    6      3      3     4.48568513398279E-09   2.69141108038968E-08
    7      3      4     9.36800405793388E-07   6.55760284055372E-06
    7      4      3     2.24311890642929E-09   1.57018323450050E-08
    9      4      5     2.44274212544155E-08   2.19846791289739E-07
    9      6      3     4.08159667767245E-20   3.67343700990520E-19
   10      4      6     8.43867482688452E-13   8.43867482688452E-12
   10      5      5     7.62195978142059E-11   7.62195978142059E-10
   11      5      6     1.99787458298553E-07   2.19766204128408E-06
   11      6      5     2.80235742233741E-15   3.08259316457115E-14
   12      6      6     3.92097992078606E-06   4.70517590494327E-05
   13      6      7     2.48723216212109E-07   3.23340181075742E-06
   13      7      6     1.54723748750137E-17   2.01140873375178E-16
   14      6      8     5.16969496458798E-08   7.23757295042318E-07
   14      7      7     1.11976521469381E-05   1.56767130057134E-04
   14      8      6     1.27608776368650E-20   1.78652286916110E-19
   15      7      8     1.42947670024543E-06   2.14421505036814E-05
   15      8      7     1.06382116985296E-17   1.59573175477945E-16
   15      9      6     1.68870155453424E-18   2.53305233180136E-17
   16      8      8     1.41270532590368E-05   2.26032852144588E-04
   16      9      7     4.27021128747430E-17   6.83233805995888E-16
   17      8      9     7.66189038483935E-10   1.30252136542269E-08
   18      8     10     2.48783367070295E-09   4.47810060726531E-08
   18      9      9     4.71328252688538E-11   8.48390854839368E-10
   19      9     10     1.51048968879753E-08   2.86993040871530E-07
   19     10      9     9.65851804404805E-19   1.83511842836913E-17
   20     10     10     1.53983516018305E-05   3.07967032036611E-04
   21     10     11     4.47551046967525E-08   9.39857198631803E-07
   22     10     12     1.49937144044327E-07   3.29861716897520E-06
   22     11     11     9.84903280726777E-09   2.16678721759891E-07
   23     11     12     9.55560614365684E-08   2.19778941304107E-06
   23     12     11     5.27522877438557E-19   1.21330261810868E-17
   24     10     14     1.27904854355400E-20   3.06971650452960E-19
   24     11     13     2.27315662066359E-10   5.45557588959262E-09
   24     12     12     6.06914844039213E-06   1.45659562569411E-04
   25     11     14     3.25369194248810E-19   8.13422985622026E-18
   25     12     13     3.12043234776894E-06   7.80108086942236E-05
   25     13     12     1.70404330199603E-20   4.26010825499006E-19
   26     12     14     1.53111301191112E-06   3.98089383096890E-05
   26     13     13     1.08624052138105E-09   2.82422535559072E-08
   27     12     15     2.97062291512184E-19   8.02068187082896E-18
   27     13     14     6.92500165625111E-07   1.86975044718780E-05
   27     14     13     2.79163381645016E-19   7.53741130441543E-18
   28     12     16     3.00190183871384E-12   8.40532514839876E-11
   28     13     15     5.35247288133852E-15   1.49869240677479E-13
   28     14     14     2.02755360545203E-05   5.67715009526568E-04
   29     13     16     2.47910764068745E-18   7.18941215799359E-17
   29     14     15     3.42538103672540E-07   9.93360500650367E-06
   29     15     14     1.05654160186313E-20   3.06397064540306E-19
   30     14     16     6.87279554895625E-07   2.06183866468687E-05
   30     15     15     4.59852854998535E-18   1.37955856499560E-16
   31     14     17     1.67897911036777E-10   5.20483524214010E-09
   31     15     16     5.66147343267817E-07   1.75505676413023E-05
   31     16     15     5.15296785758617E-20   1.59742003585171E-18
   32     14     18     5.02232704587077E-10   1.60714465467865E-08
   32     15     17     2.61734387732899E-09   8.37550040745276E-08
   32     16     16     1.15991201348573E-05   3.71171844315434E-04
   33     15     18     9.98701462034644E-09   3.29571482471433E-07
   33     16     17     1.33045165802588E-06   4.39049047148541E-05
   33     17     16     1.32409498664199E-20   4.36951345591856E-19
   34     16     18     8.86538123058389E-07   3.01422961839852E-05
   34     17     17     7.03689650281096E-20   2.39254481095573E-18
   35     15     20     1.14422370190559E-20   4.00478295666955E-19
   35     16     19     3.49775157324198E-08   1.22421305063469E-06
   35     17     18     6.02620568877119E-06   2.10917199106992E-04
   35     18     17     1.35476138629984E-20   4.74166485204943E-19
   36     16     20     1.14071801268549E-07   4.10658484566775E-06
   36     17     19     2.52754147510877E-09   9.09914931039158E-08
   36     18     18     6.86706630394578E-06   2.47214386942048E-04
   37     16     21     1.97227517314280E-20   7.29741814062838E-19
   37     17     20     7.69481151532593E-08   2.84708026067060E-06
   37     18     19     8.37209337821793E-08   3.09767454994063E-06
   38     16     22     3.81084262525919E-14   1.44812019759849E-12
   38     17     21     2.25356933297567E-14   8.56356346530755E-13
   38     18     20     2.37352096090632E-06   9.01937965144402E-05
   38     19     19     2.05797804783100E-17   7.82031658175780E-16
   39     17     22     3.39747768668746E-14   1.32501629780811E-12
   39     18     21     2.17465606221420E-08   8.48115864263539E-07
   39     19     20     9.23628006142907E-06   3.60214922395734E-04
   40     18     22     1.94197184789579E-08   7.76788739158317E-07
   40     19     21     2.61845731322737E-07   1.04738292529095E-05
   40     20     20     1.41097482116856E-06   5.64389928467423E-05
   41     18     23     8.49559889521326E-12   3.48319554703744E-10
   41     19     22     3.02805584130239E-08   1.24150289493398E-06
   41     20     21     7.77150016098521E-08   3.18631506600394E-06
   42     18     24     5.43450954280114E-11   2.28249400797648E-09
   42     19     23     2.17184092682376E-09   9.12173189265980E-08
   42     20     22     5.52132946042746E-07   2.31895837337953E-05
   43     18     25     2.49319566513156E-20   1.07207413600657E-18
   43     19     24     1.75550296169796E-09   7.54866273530123E-08
   43     20     23     5.25791401419459E-07   2.26090302610367E-05
   43     21     22     1.15855965745740E-09   4.98180652706680E-08
   44     18     26     3.16630267293857E-20   1.39317317609297E-18
   44     19     25     9.52864542521867E-17   4.19260398709621E-15
   44     20     24     8.23909696803849E-07   3.62520266593694E-05
   44     21     23     6.65851748295095E-10   2.92974769249842E-08
   44     22     22     1.37926710058468E-08   6.06877524257259E-07
   45     19     26     3.61214034272350E-18   1.62546315422558E-16
   45     20     25     6.22038642913267E-07   2.79917389310970E-05
   45     21     24     4.59202993107748E-07   2.06641346898487E-05
   45     22     23     1.41538525872381E-10   6.36923366425715E-09
   46     19     27     1.75701154314352E-20   8.08225309846018E-19
   46     20     26     6.42808198617582E-07   2.95691771364088E-05
   46     21     25     2.17011091634699E-09   9.98251021519617E-08
   46     22     24     7.37328562841479E-07   3.39171138907080E-05
   47     20     27     1.25649861223278E-07   5.90554347749408E-06
   47     21     26     1.21179472402152E-06   5.69543520290114E-05
   47     22     25     1.06690744019219E-06   5.01446496890329E-05
   47     23     24     3.35650860809554E-15   1.57755904580491E-13
   48     20     28     6.99079411814973E-07   3.35558117671187E-05
   48     21     27     5.05806737323874E-09   2.42787233915459E-07
   48     22     26     1.77069673102722E-06   8.49934430893066E-05
   48     23     25     1.93169513413782E-09   9.27213664386155E-08
   48     24     24     5.70189686417706E-11   2.73691049480499E-09
   49     21     28     9.55577898850159E-10   4.68233170436578E-08
   49     22     27     2.23541713649539E-06   1.09535439688274E-04
   49     23     26     5.59893500817965E-07   2.74347815400803E-05
   49     24     25     2.25016579041641E-15   1.10258123730404E-13
   50     21     29     1.53284791329385E-20   7.66423956646925E-19
   50     22     28     2.55447270011985E-06   1.27723635005993E-04
   50     23     27     5.26463453319535E-07   2.63231726659767E-05
   50     24     26     8.58157105572959E-08   4.29078552786479E-06
   51     22     29     6.91433133161217E-19   3.52630897912221E-17
   51     23     28     3.50523505018144E-06   1.78766987559254E-04
   51     24     27     1.31640552442520E-07   6.71366817456852E-06
   51     25     26     1.21238798023297E-15   6.18317869918816E-14
   52     22     30     7.98882390609483E-20   4.15418843116931E-18
   52     23     29     4.39585258722075E-18   2.28584334535479E-16
   52     24     28     3.44717792552196E-06   1.79253252127142E-04
   52     25     27     5.92104478121852E-10   3.07894328623363E-08
   52     26     26     4.92917544250273E-13   2.56317123010142E-11
   53     23     30     3.60412520966973E-19   1.91018636112495E-17
   53     24     29     3.24425864640271E-06   1.71945708259344E-04
   53     25     28     3.93486144985905E-11   2.08547656842529E-09
   53     26     27     8.30316061211881E-19   4.40067512442297E-17
   54     24     30     5.65116058527448E-06   3.05162671604822E-04
   54     25     29     7.07252230867828E-08   3.81916204668627E-06
   54     26     28     5.57686342395668E-09   3.01150624893661E-07
   55     24     31     3.83153564691418E-19   2.10734460580280E-17
   55     25     30     7.07011374715211E-06   3.88856256093366E-04
   55     26     29     1.42268295990406E-07   7.82475627947233E-06
   55     27     28     5.87495467311478E-13   3.23122507021313E-11
   56     24     32     1.52910498133291E-19   8.56298789546428E-18
   56     25     31     3.04940354561591E-07   1.70766598554491E-05
   56     26     30     3.27082331038468E-06   1.83166105381542E-04
   56     27     29     1.18585631835628E-11   6.64079538279520E-10
   56     28     28     3.86385345243805E-14   2.16375793336531E-12
   57     25     32     6.11626193252165E-19   3.48626930153734E-17
   57     26     31     2.49755928932499E-06   1.42360879491524E-04
   57     27     30     1.03484452783416E-08   5.89861380865474E-07
   57     28     29     1.38324625330635E-13   7.88450364384619E-12
   58     26     32     4.96082804259542E-06   2.87728026470534E-04
   58     27     31     7.02347342180891E-09   4.07361458464917E-07
   58     28     30     2.21091037060299E-10   1.28232801494974E-08
   59     26     33     3.31775866509337E-06   1.95747761240509E-04
   59     27     32     3.53996608156591E-07   2.08857998812389E-05
   59     28     31     9.98428244303562E-10   5.89072664139102E-08
   60     26     34     1.32715785947389E-06   7.96294715684336E-05
   60     27     33     1.78184301747421E-08   1.06910581048453E-06
   60     28     32     1.85104128092593E-08   1.11062476855556E-06
   60     29     31     2.99638486940481E-20   1.79783092164288E-18
   61     26     35     7.68554924660211E-20   4.68818504042729E-18
   61     27     34     9.68986401292946E-08   5.91081704788697E-06
   61     28     33     3.58068627040653E-06   2.18421862494799E-04
   61     29     32     4.21394902858000E-13   2.57050890743380E-11
   62     27     35     3.75755738118099E-19   2.32968557633222E-17
   62     28     34     4.49005762160113E-06   2.78383572539270E-04
   62     29     33     3.68988937809013E-16   2.28773141441588E-14
   62     30     32     2.04458530911239E-14   1.26764289164968E-12
   63     27     36     2.79393115315417E-20   1.76017662648712E-18
   63     28     35     2.68345331006201E-06   1.69057558533907E-04
   63     29     34     8.93677478383418E-09   5.63016811381553E-07
   63     30     33     3.36953331455459E-18   2.12280598816939E-16
   64     28     36     3.01901928382551E-06   1.93217234164833E-04
   64     29     35     1.24975547132002E-09   7.99843501644815E-08
   64     30     34     3.97126426993682E-10   2.54160913275957E-08
   65     28     37     2.91162228343562E-07   1.89255448423315E-05
   65     29     36     3.01165768920852E-06   1.95757749798554E-04
   65     30     35     7.40656210925349E-11   4.81426537101477E-09
   65     31     34     4.29704824418078E-19   2.79308135871751E-17
   66     28     38     2.78399791959275E-06   1.83743862693122E-04
   66     29     37     4.34516108437800E-09   2.86780631568948E-07
   66     30     36     3.24358310200555E-07   2.14076484732366E-05
   66     31     35     1.45556978042100E-14   9.60676055077861E-13
   66     32     34     5.71784871709671E-19   3.77378015328383E-17
   67     29     38     3.31246327093349E-06   2.21935039152544E-04
   67     30     37     3.42651251251979E-07   2.29576338338826E-05
   67     31     36     8.81919905331263E-12   5.90886336571946E-10
   68     29     39     1.31696235591995E-19   8.95534402025567E-18
   68     30     38     3.39537619747863E-06   2.30885581428547E-04
   68     31     37     2.87941008859380E-14   1.95799886024378E-12
   68     32     36     1.02623771395817E-13   6.97841645491557E-12
   69     29     40     1.36528665315899E-19   9.42047790679700E-18
   69     30     39     1.43177095259854E-08   9.87921957292995E-07
   69     31     38     8.70942766376192E-06   6.00950508799573E-04
   69     32     37     4.37736902663145E-14   3.02038462837570E-12
   70     29     41     1.55941502562336E-20   1.09159051793635E-18
   70     30     40     6.63447728773843E-06   4.64413410141690E-04
   70     31     39     1.63687641783703E-16   1.14581349248592E-14
   70     32     38     5.12357326094472E-10   3.58650128266131E-08
   70     33     37     1.84936463777688E-20   1.29455524644382E-18
   71     30     41     3.31072507835847E-17   2.35061480563452E-15
   71     31     40     1.38225996380703E-06   9.81404574302988E-05
   71     32     39     2.31161563046851E-11   1.64124709763264E-09
   71     33     38     3.22614107640284E-15   2.29056016424602E-13
   72     30     42     4.56918794133082E-06   3.28981531775819E-04
   72     31     41     5.19519525406257E-07   3.74054058292505E-05
   72     32     40     1.23709025434532E-07   8.90704983128632E-06
   72     33     39     7.92269309802265E-15   5.70433903057631E-13
   72     34     38     6.49724946848203E-17   4.67801961730706E-15
   73     31     42     1.15713602799450E-06   8.44709300435984E-05
   73     32     41     2.87182379475870E-06   2.09643137017385E-04
   73     33     40     1.04666728383830E-12   7.64067117201956E-11
   73     34     39     5.62863521280538E-17   4.10890370534793E-15
   74     31     43     6.93422528920418E-19   5.13132671401109E-17
   74     32     42     2.00317029523935E-06   1.48234601847712E-04
   74     33     41     8.77032630607842E-13   6.49004146649803E-11
   74     34     40     1.87680570751785E-14   1.38883622356321E-12
   75     31     44     1.73910453008409E-20   1.30432839756307E-18
   75     32     43     1.11167726908621E-07   8.33757951814659E-06
   75     33     42     8.67842445862479E-06   6.50881834396860E-04
   75     34     41     1.04737995590897E-13   7.85534966931728E-12
   75     35     40     1.32777654674036E-18   9.95832410055273E-17
   76     32     44     7.54915859318890E-06   5.73736053082356E-04
   76     33     43     4.03177415139771E-11   3.06414835506226E-09
   76     34     42     1.50242723092826E-11   1.14184469550548E-09
   76     35     41     1.27454731885935E-15   9.68655962333106E-14
   76     36     40     7.01752212142306E-18   5.33331681228152E-16
   77     32     45     6.56854355313314E-07   5.05777853591252E-05
   77     33     44     4.29331040762786E-07   3.30584901387345E-05
   77     34     43     3.76557931366304E-08   2.89949607152054E-06
   77     35     42     1.13833307646934E-13   8.76516468881391E-12
   77     36     41     1.99218921974408E-18   1.53398569920295E-16
   78     32     46     8.90363779356184E-08   6.94483747897823E-06
   78     33     45     3.91884349291951E-07   3.05669792447721E-05
   78     34     44     5.10507331108630E-06   3.98195718264731E-04
   78     35     43     9.32538074382462E-18   7.27379698018320E-16
   78     36     42     3.40658823287881E-14   2.65713882164548E-12
   79     33     46     1.57405084660225E-18   1.24350016881577E-16
   79     34     45     4.33009551737725E-06   3.42077545872803E-04
   79     35     44     1.39681366561779E-12   1.10348279583805E-10
   79     36     43     2.23253437965434E-13   1.76370215992693E-11
   80     33     47     2.72894261323215E-20   2.18315409058572E-18
   80     34     46     1.97697997113991E-06   1.58158397691193E-04
   80     35     45     5.08002140382877E-16   4.06401712306302E-14
   80     36     44     2.02033981109081E-10   1.61627184887264E-08
   80     38     42     1.65499654241540E-20   1.32399723393232E-18
   81     34     47     2.15784390907192E-14   1.74785356634825E-12
   81     35     46     6.82735371011641E-06   5.53015650519429E-04
   81     36     45     1.08082233098412E-10   8.75466088097134E-09
   81     37     44     8.05724427844869E-15   6.52636786554344E-13
   82     34     48     1.79464926012369E-05   1.47161239330143E-03
   82     35     47     4.17110221997914E-08   3.42030382038290E-06
   82     36     46     1.04129391189967E-08   8.53861007757727E-07
   82     37     45     5.42571233701231E-20   4.44908411635010E-18
   82     38     44     1.48612191214891E-15   1.21861996796211E-13
   83     34     49     1.21096849125477E-12   1.00510384774146E-10
   83     35     48     1.42180743809322E-06   1.18010017361737E-04
   83     36     47     1.37363832181686E-05   1.14011980710799E-03
   83     37     46     2.02453581176090E-11   1.68036472376154E-09
   83     38     45     2.36920590256553E-14   1.96644089912939E-12
   84     34     50     1.03696236333177E-20   8.71048385198685E-19
   84     35     49     2.07405328511504E-09   1.74220475949664E-07
   84     36     48     1.74302847759733E-04   1.46414392118176E-02
   84     37     47     1.45836779985112E-10   1.22502895187494E-08
   84     38     46     1.46067063201911E-12   1.22696333089605E-10
   85     35     50     6.30704913734030E-19   5.36099176673925E-17
   85     36     49     7.77085345901750E-05   6.60522544016487E-03
   85     37     48     1.02373085989105E-08   8.70171230907395E-07
   85     38     47     1.02369820815832E-11   8.70143476934569E-10
   85     39     46     2.04455847980637E-16   1.73787470783542E-14
   86     35     51     3.42365562674572E-20   2.94434383900132E-18
   86     36     50     3.36749658773676E-05   2.89604706545361E-03
   86     37     49     2.86127571097831E-08   2.46069711144134E-06
   86     38     48     8.16621955721106E-10   7.02294881920151E-08
   86     39     47     2.86007621561017E-14   2.45966554542475E-12
   86     40     46     9.12568093631890E-18   7.84808560523426E-16
   87     36     51     9.70329261128808E-07   8.44186457182063E-05
   87     37     50     1.13267334681691E-04   9.85425811730708E-03
   87     38     49     3.28707484715627E-09   2.85975511702596E-07
   87     39     48     2.87091345088664E-12   2.49769470227137E-10
   87     40     47     7.71674670404052E-18   6.71356963251525E-16
   88     36     52     6.34290170423184E-05   5.58175349972402E-03
   88     37     51     7.43362290422437E-06   6.54158815571744E-04
   88     38     50     4.72624680643733E-04   4.15909718966485E-02
   88     39     49     3.06313917083384E-11   2.69556247033378E-09
   88     40     48     2.22469256392069E-14   1.95772945625021E-12
   89     37     52     9.78209999385423E-15   8.70606899453026E-13
   89     38     51     2.15327683159779E-04   1.91641638012204E-02
   89     39     50     1.02679677351547E-06   9.13849128428770E-05
   89     40     49     2.91625956085756E-13   2.59547100916323E-11
   89     41     48     8.64396200281233E-20   7.69312618250297E-18
   90     37     53     7.58333301793678E-20   6.82499971614310E-18
   90     38     52     9.60870078257869E-04   8.64783070432082E-02
   90     39     51     2.47476681655812E-08   2.22729013490231E-06
   90     40     50     1.34578074798927E-09   1.21120267319034E-07
   90     41     49     4.60477102984570E-17   4.14429392686113E-15
   91     38     53     3.01920796931124E-04   2.74747925207323E-02
   91     39     52     2.63443525939096E-04   2.39733608604578E-02
   91     40     51     6.27359420377049E-07   5.70897072543114E-05
   91     41     50     3.92480216881052E-15   3.57156997361758E-13
   92     38     54     1.34111361464886E-05   1.23382452547695E-03
   92     39     53     4.10587386745920E-05   3.77740395806246E-03
   92     40     52     7.70248675510725E-05   7.08628781469867E-03
   92     41     51     2.76811427328291E-14   2.54666513142027E-12
   92     42     50     6.30343612535202E-17   5.79916123532386E-15
   93     38     55     2.75876374760512E-20   2.56565028527276E-18
   93     39     54     1.11855790566244E-04   1.04025885226607E-02
   93     40     53     8.89150510326232E-05   8.26909974603396E-03
   93     41     52     4.61863325151833E-13   4.29532892391204E-11
   93     42     51     1.86772393188648E-15   1.73698325665443E-13
   94     39     55     5.48630843359373E-12   5.15712992757811E-10
   94     40     54     1.53169046652296E-03   1.43978903853158E-01
   94     41     53     5.58235984448464E-12   5.24741825381556E-10
   94     42     52     1.20493166613989E-12   1.13263576617150E-10
   95     39     56     8.84233775047318E-19   8.40022086294953E-17
   95     40     55     1.49359088328608E-04   1.41891133912177E-02
   95     41     54     5.72658636673119E-07   5.44025704839463E-05
   95     42     53     2.02605722098702E-09   1.92475435993767E-07
   95     43     52     4.07809352981532E-17   3.87418885332456E-15
   96     40     56     6.99321153749657E-05   6.71348307599670E-03
   96     41     55     6.15837171726362E-09   5.91203684857307E-07
   96     42     54     9.44523503079885E-10   9.06742562956689E-08
   96     43     53     4.57801893479853E-16   4.39489817740659E-14
   96     44     52     3.13751217995178E-19   3.01201169275371E-17
   97     40     57     8.82736329086485E-05   8.56254239213891E-03
   97     41     56     6.76608987228829E-06   6.56310717611964E-04
   97     42     55     3.17965980144766E-05   3.08427000740423E-03
   97     43     54     4.49608343992641E-14   4.36120093672862E-12
   97     44     53     4.29274093245023E-15   4.16395870447672E-13
   98     42     56     1.85281227048313E-05   1.81575602507347E-03
   98     43     55     3.18477272326019E-13   3.12107726879499E-11
   98     44     54     3.63883502669313E-13   3.56605832615927E-11
   99     42     57     4.32852275879172E-06   4.28523753120380E-04
   99     43     56     4.16034240055212E-07   4.11873897654660E-05
   99     44     55     2.16907581429362E-12   2.14738505615069E-10
   99     45     54     4.40317751914181E-18   4.35914574395039E-16
  100     42     58     7.53353908793046E-05   7.53353908793046E-03
  100     43     57     3.95876081120921E-19   3.95876081120921E-17
  100     44     56     2.29047800121605E-11   2.29047800121605E-09
  100     45     55     3.62351023878421E-17   3.62351023878422E-15
  101     42     59     1.63580112269897E-16   1.65215913392596E-14
  101     43     58     2.50758657876534E-15   2.53266244455300E-13
  101     44     57     1.07949742842160E-05   1.09029240270581E-03
  101     45     56     3.30674332456639E-15   3.33981075781205E-13
  101     46     55     1.64788866701185E-17   1.66436755368196E-15
  102     42     60     8.10068619883165E-19   8.26269992280829E-17
  102     43     59     1.69351852714907E-20   1.72738889769205E-18
  102     44     58     8.01836335295371E-05   8.17873062001278E-03
  102     45     57     1.79057923703830E-14   1.82639082177906E-12
  102     46     56     3.79554954026743E-16   3.87146053107278E-14
  103     43     60     4.77654243001281E-20   4.91983870291319E-18
  103     44     59     1.06012934274139E-05   1.09193322302363E-03
  103     45     58     6.81851081060962E-08   7.02306613492791E-06
  103     46     57     3.21420372165865E-15   3.31062983330841E-13
  104     43     61     1.82073612869374E-14   1.89356557384148E-12
  104     44     60     7.31693168602801E-06   7.60960895346913E-04
  104     45     59     4.81489757004264E-17   5.00749347284435E-15
  104     46     58     4.44850587954297E-13   4.62644611472468E-11
  105     44     61     6.16799141667871E-06   6.47639098751264E-04
  105     45     60     1.56033857932471E-05   1.63835550829094E-03
  105     46     59     1.66230300025240E-06   1.74541815026502E-04
  105     47     58     1.97696503908445E-17   2.07581329103868E-15
  106     44     62     1.17388691042269E-05   1.24432012504805E-03
  106     45     61     1.10072811628714E-11   1.16677180326437E-09
  106     46     60     7.99052754128704E-09   8.46995919376426E-07
  106     47     59     2.20997197702342E-18   2.34257029564483E-16
  107     45     62     9.52066761428229E-14   1.01871143472820E-11
  107     46     61     1.54931122455141E-06   1.65776301027001E-04
  107     47     60     3.03850251170593E-15   3.25119768752534E-13
  107     48     59     5.29340317762174E-19   5.66394140005526E-17
  108     46     62     3.74434815700879E-07   4.04389600956949E-05
  108     47     61     2.67591077573825E-18   2.88998363779731E-16
  108     48     60     1.12358638759591E-14   1.21347329860358E-12
  109     46     63     2.90941292559907E-07   3.17126008890299E-05
  109     47     62     1.61274215778118E-07   1.75788895198149E-05
  109     48     61     8.45050916570506E-17   9.21105499061851E-15
  110     46     64     1.98792764745801E-07   2.18672041220381E-05
  110     47     63     1.23758851469427E-18   1.36134736616370E-16
  110     48     62     1.20603887994142E-12   1.32664276793556E-10
  111     46     65     1.07489180114563E-13   1.19312989927165E-11
  111     47     64     6.22450583468198E-07   6.90920147649700E-05
  111     48     63     2.00761753117813E-08   2.22845545960772E-06
  111     49     62     4.84767192748951E-20   5.38091583951335E-18
  112     46     66     3.23345269644283E-07   3.62146702001596E-05
  112     47     65     4.57950274983063E-08   5.12904307981031E-06
  112     48     64     6.24796592638534E-08   6.99772183755158E-06
  112     50     62     1.62017555185571E-19   1.81459661807839E-17
  113     47     66     2.22959573158302E-08   2.51944317668881E-06
  113     48     65     4.65548861639601E-08   5.26070213652749E-06
  113     49     64     7.74711149410355E-18   8.75423598833701E-16
  113     50     63     1.11694615544745E-18   1.26214915565562E-16
  114     48     66     9.36081524027411E-08   1.06713293739125E-05
  114     50     64     5.47332077693127E-17   6.23958568570165E-15
  115     47     68     7.82187321040256E-17   8.99515419196295E-15
  115     48     67     5.61937782533876E-09   6.46228449913958E-07
  115     49     66     6.37502735260666E-10   7.33128145549766E-08
  115     50     65     1.09390020285670E-16   1.25798523328520E-14
  116     48     68     3.25862750795965E-09   3.78000790923319E-07
  116     50     66     1.30270748192254E-15   1.51114067903014E-13
  117     48     69     1.27830381709108E-09   1.49561546599656E-07
  117     49     68     5.18435205564214E-10   6.06569190510130E-08
  117     50     67     1.27367117793674E-08   1.49019527818598E-06
  118     48     70     3.94873050223222E-12   4.65950199263401E-10
  118     49     69     6.54843707114290E-15   7.72715574394862E-13
  118     50     68     5.47933695720152E-09   6.46561760949779E-07
  119     50     69     9.01676682074213E-10   1.07299525166831E-07
  119     51     68     3.91427193277706E-19   4.65798360000471E-17
  120     50     70     1.86946068510936E-09   2.24335282213123E-07
  121     50     71     2.04332985732347E-10   2.47242912736139E-08
  121     51     70     5.13687710631541E-11   6.21562129864165E-09
  122     50     72     6.31295301101646E-11   7.70180267344008E-09
  122     51     71     2.99572154652898E-16   3.65478028676535E-14
  122     52     70     2.82685954228298E-17   3.44876864158523E-15
  123     50     73     2.11831690933472E-10   2.60552979848171E-08
  123     51     72     4.13686853197545E-13   5.08834829432980E-11
  124     50     74     5.96838718357242E-11   7.40080010762980E-09
  124     51     73     2.96871199745748E-18   3.68120287684728E-16
  124     52     72     1.44594085790957E-20   1.79296666380787E-18
  125     50     75     3.10204380211379E-10   3.87755475264224E-08
  125     51     74     8.24561531566126E-12   1.03070191445766E-09
  125     52     73     1.03907736889395E-15   1.29884671111743E-13
  126     50     76     7.95395124228532E-11   1.00219785652795E-08
  126     51     75     5.85691823541625E-17   7.37971697662448E-15
  126     52     74     1.25156456967449E-18   1.57697135778985E-16
  127     50     77     1.32041193690727E-12   1.67692315987224E-10
  127     51     76     2.14419972079869E-11   2.72313364541433E-09
  127     52     75     8.00852587581948E-13   1.01708278622907E-10
  127     53     74     2.23542283320640E-13   2.83898699817213E-11
  128     50     78     3.93480934839542E-14   5.03655596594614E-12
  128     51     77     1.07640580491686E-11   1.37779943029359E-09
  128     52     76     8.09817158714596E-12   1.03656596315468E-09
  128     54     74     2.73525988302162E-20   3.50113265026768E-18
  129     51     78     1.05974916078212E-12   1.36707641740893E-10
  129     52     77     3.72862382945746E-13   4.80992474000013E-11
  129     53     76     2.75826010470528E-12   3.55815553506981E-10
  130     51     79     3.77209364020253E-16   4.90372173226329E-14
  130     52     78     3.46036634204347E-12   4.49847624465651E-10
  130     53     77     1.88401491317691E-19   2.44921938712998E-17
  130     54     76     1.08320702836958E-19   1.40816913688045E-17
  131     51     80     3.95670979181617E-19   5.18328982727919E-17
  131     52     79     1.25566935702155E-17   1.64492685769824E-15
  131     53     78     2.79620656605383E-12   3.66303060153051E-10
  131     54     77     7.73916352799952E-14   1.01383042216794E-11
  132     52     80     4.67872032090871E-13   6.17591082359950E-11
  132     53     79     1.32497095992224E-14   1.74896166709735E-12
  132     54     78     2.47918626910584E-14   3.27252587521971E-12
  133     53     80     1.68307278349495E-14   2.23848680204828E-12
  133     54     79     5.29832912692553E-15   7.04677773881096E-13
  133     55     78     1.29576077555619E-16   1.72336183148974E-14
  134     52     82     1.79052521297138E-19   2.39930378538165E-17
  134     53     81     4.29003601895236E-18   5.74864826539616E-16
  134     54     80     1.08041882363072E-15   1.44776122366516E-13
  135     53     82     8.30726663730972E-18   1.12148099603681E-15
  135     54     81     8.74225781768629E-18   1.18020480538765E-15
  135     55     80     3.84718396314066E-18   5.19369835023989E-16
  136     54     82     1.64991090158501E-19   2.24387882615561E-17
