# 1:A 2:Z 3:N 4:Yi 5:Xi
    1      0      1     2.64581514288987E-13   2.64581514288987E-13
    1      1      0     3.07512600852397E-07   3.07512600852397E-07
    2      1      1     4.32129439831367E-08   8.64258879662735E-08
    3      1      2     2.72542610852933E-08   8.17627832558799E-08
    3      2      1     7.45718545932697E-10   2.23715563779809E-09
    4      2      2     3.65304628586740E-02   1.46121851434696E-01
    6      3      3     1.32581583826247E-13   7.95489502957482E-13
    7      3      4     8.10859790761678E-10   5.67601853533175E-09
    7      4      3     1.81217698771740E-17   1.26852389140218E-16
    9      4      5     1.45379570183534E-06   1.30841613165181E-05
   10      4      6     4.14755908650849E-08   4.14755908650849E-07
   10      5      5     3.52312473799568E-16   3.52312473799568E-15
   11      5      6     1.90644373386934E-08   2.09708810725628E-07
   11      6      5     1.64458459268694E-19   1.80904305195563E-18
   12      6      6     9.67771468120956E-08   1.16132576174515E-06
   13      6      7     1.12755174673366E-07   1.46581727075376E-06
   14      6      8     4.96841155250628E-07   6.95577617350879E-06
   14      7      7     7.74264560963932E-13   1.08397038534950E-11
   15      7      8     3.46480431115147E-07   5.19720646672721E-06
   15      8      7     3.27980902256576E-18   4.91971353384865E-17
   16      8      8     8.01219566237916E-05   1.28195130598067E-03
   17      8      9     3.02929359117004E-06   5.14979910498906E-05
   17      9      8     2.10375570311397E-20   3.57638469529375E-19
   18      8     10     2.59360392949389E-06   4.66848707308901E-05
   18      9      9     4.65493949961799E-15   8.37889109931239E-14
   19      8     11     3.34947420303862E-20   6.36400098577338E-19
   19      9     10     2.27308288695651E-05   4.31885748521737E-04
   19     10      9     2.53470109751774E-19   4.81593208528371E-18
   20     10     10     5.71453119238320E-05   1.14290623847664E-03
   21     10     11     2.66496081312185E-05   5.59641770755588E-04
   22     10     12     4.38915911223328E-05   9.65615004691322E-04
   22     11     11     5.98742152712437E-16   1.31723273596736E-14
   23     11     12     3.35538325462214E-08   7.71738148563092E-07
   24     11     13     3.09672243688039E-08   7.43213384851293E-07
   24     12     12     1.52768397221457E-08   3.66644153331498E-07
   25     12     13     3.25057226628515E-08   8.12643066571288E-07
   26     12     14     7.28658412292088E-08   1.89451187195943E-06
   26     13     13     2.11591544546718E-16   5.50138015821467E-15
   27     12     15     1.63873609710889E-19   4.42458746219401E-18
   27     13     14     4.16102782499203E-08   1.12347751274785E-06
   28     12     16     1.55480718800652E-08   4.35346012641824E-07
   28     13     15     2.77191394693657E-11   7.76135905142239E-10
   28     14     14     5.21291140248280E-09   1.45961519269518E-07
   29     14     15     5.53228765237416E-09   1.60436341918851E-07
   30     14     16     1.36633168268084E-08   4.09899504804253E-07
   31     14     17     8.05432091993763E-10   2.49683948518067E-08
   31     15     16     7.35329585853441E-09   2.27952171614567E-07
   32     14     18     2.04843316885010E-08   6.55498614032031E-07
   32     15     17     1.44495313762191E-13   4.62385004039010E-12
   32     16     16     2.98587528337207E-15   9.55480090679061E-14
   33     15     18     3.65363108177711E-08   1.20569825698645E-06
   33     16     17     3.66413322583430E-10   1.20916396452532E-08
   34     16     18     1.65558391000801E-07   5.62898529402725E-06
   35     16     19     1.29077513798129E-07   4.51771298293451E-06
   35     17     18     3.73414123437013E-10   1.30694943202954E-08
   36     16     20     6.05395509060731E-08   2.17942383261863E-06
   36     17     19     5.48940404428686E-15   1.97618545594327E-13
   36     18     18     9.68772629642045E-19   3.48758146671136E-17
   37     16     21     2.16621074757357E-19   8.01497976602222E-18
   37     17     20     1.84234254092550E-07   6.81666740142436E-06
   37     18     19     4.79461725065236E-17   1.77400838274137E-15
   38     16     22     1.43881326496196E-08   5.46749040685546E-07
   38     17     21     4.02386971898909E-09   1.52907049321586E-07
   38     18     20     1.04246984632184E-07   3.96138541602300E-06
   39     17     22     9.81414797971039E-11   3.82751771208705E-09
   39     18     21     6.40642486009802E-08   2.49850569543823E-06
   39     19     20     1.39706739382703E-13   5.44856283592540E-12
   40     17     23     2.60123292861938E-20   1.04049317144775E-18
   40     18     22     1.13236636128827E-07   4.52946544515308E-06
   40     19     21     8.28316657179015E-16   3.31326662871606E-14
   40     20     20     5.38812661377291E-19   2.15525064550917E-17
   41     18     23     6.08371924807955E-09   2.49432489171262E-07
   41     19     22     1.61500991746288E-07   6.62154066159780E-06
   41     20     21     3.78673574795563E-17   1.55256165666181E-15
   42     18     24     1.33089685467315E-05   5.58976678962723E-04
   42     19     23     2.21290249374067E-10   9.29419047371084E-09
   42     20     22     5.90645450129914E-11   2.48071089054564E-09
   43     18     25     1.05214266122013E-20   4.52421344324656E-19
   43     19     24     3.79953835695868E-06   1.63380149349223E-04
   43     20     23     1.16838744797089E-06   5.02406602627485E-05
   43     21     22     4.19450482514857E-20   1.80363707481389E-18
   44     18     26     1.76392895506151E-19   7.76128740227065E-18
   44     19     25     5.84126653868732E-13   2.57015727702242E-11
   44     20     24     3.72481419391196E-06   1.63891824532126E-04
   44     21     23     7.94726891256810E-19   3.49679832152996E-17
   45     19     26     7.96443767737373E-15   3.58399695481818E-13
   45     20     25     5.80148678340222E-06   2.61066905253100E-04
   45     21     24     8.61177734335251E-09   3.87529980450863E-07
   45     22     23     2.06888895590220E-20   9.31000030155989E-19
   46     20     26     7.31997449959438E-06   3.36718826981341E-04
   46     21     25     1.60615114996622E-15   7.38829528984463E-14
   46     22     24     2.23755702084751E-17   1.02927622958985E-15
   47     20     27     3.78261704308213E-06   1.77783001024860E-04
   47     21     26     2.08678918224359E-07   9.80790915654486E-06
   47     22     25     8.06053857288818E-09   3.78845312925744E-07
   48     20     28     4.18552948449687E-06   2.00905415255850E-04
   48     21     27     9.45191796892592E-11   4.53692062508444E-09
   48     22     26     6.86284922711374E-12   3.29416762901460E-10
   48     23     25     2.01202012002864E-16   9.65769657613748E-15
   48     24     24     2.24416824847997E-19   1.07720075927039E-17
   49     21     28     2.80310642853688E-09   1.37352214998307E-07
   49     22     27     1.38828939907782E-06   6.80261805548134E-05
   49     23     26     1.07277090776316E-14   5.25657744803946E-13
   49     24     25     1.14092520765500E-19   5.59053351750952E-18
   50     22     28     3.00104641952415E-06   1.50052320976207E-04
   50     23     27     1.47046434867534E-13   7.35232174337668E-12
   50     24     26     5.19003517443288E-15   2.59501758721644E-13
   51     22     29     3.30033279384240E-20   1.68316972485963E-18
   51     23     28     3.56098810878942E-06   1.81610393548260E-04
   51     24     27     9.00890488164898E-14   4.59454148964098E-12
   52     23     29     2.20362549685888E-19   1.14588525836662E-17
   52     24     28     7.12258933753368E-06   3.70374645551752E-04
   52     25     27     1.21259102863435E-16   6.30547334889860E-15
   53     24     29     2.41401979686430E-06   1.27943049233808E-04
   53     25     28     8.56902516220941E-15   4.54158333597098E-13
   54     24     30     3.48561693804998E-06   1.88223314654699E-04
   54     25     29     5.89177460681386E-14   3.18155828767948E-12
   54     26     28     3.70885780901117E-16   2.00278321686603E-14
   55     24     31     1.77534018279143E-20   9.76437100535287E-19
   55     25     30     1.11006216683907E-06   6.10534191761486E-05
   55     26     29     2.90342658767693E-14   1.59688462322231E-12
   56     25     31     8.67851350053547E-08   4.85996756029987E-06
   56     26     30     7.92859477043779E-07   4.44001307144516E-05
   56     27     29     7.99762306630505E-20   4.47866891713083E-18
   57     25     32     4.27917180894397E-20   2.43912793109807E-18
   57     26     31     1.57000780683519E-06   8.94904449896057E-05
   57     27     30     1.74262532818697E-17   9.93296437066571E-16
   57     28     29     4.08189255980120E-20   2.32667875908669E-18
   58     26     32     4.15645852746498E-06   2.41074594592969E-04
   58     27     31     1.09083019430337E-15   6.32681512695953E-14
   58     28     30     9.30849059057609E-18   5.39892454253413E-16
   59     26     33     3.65383765240154E-06   2.15576421491691E-04
   59     27     32     2.08517327894592E-08   1.23025223457809E-06
   59     28     31     7.57713014738216E-16   4.47050678695547E-14
   60     26     34     8.84437192538499E-07   5.30662315523100E-05
   60     27     33     3.46252659898362E-13   2.07751595939017E-11
   60     28     32     6.21823691398480E-14   3.73094214839088E-12
   61     27     34     5.54772703051254E-08   3.38411348861265E-06
   61     28     33     2.01097780380285E-06   1.22669646031974E-04
   61     29     32     1.47352148844472E-19   8.98848107951280E-18
   62     27     35     2.87638284351622E-20   1.78335736298005E-18
   62     28     34     3.64105153089744E-06   2.25745194915641E-04
   62     29     33     9.27248650610327E-20   5.74894163378403E-18
   63     28     35     2.92061021679762E-06   1.83998443658250E-04
   63     29     34     1.99856824985259E-11   1.25909799740713E-09
   63     30     33     1.48584788474307E-20   9.36084167388135E-19
   64     28     36     2.45617943956100E-06   1.57195484131904E-04
   64     29     35     2.34187827029866E-14   1.49880209299114E-12
   64     30     34     5.44407227082788E-15   3.48420625332984E-13
   65     28     37     2.97695631005614E-07   1.93502160153649E-05
   65     29     36     3.02485081281889E-06   1.96615302833228E-04
   65     30     35     3.35649791436209E-15   2.18172364433536E-13
   66     28     38     3.21946215533305E-06   2.12484502251982E-04
   66     29     37     5.02481752960486E-09   3.31637956953921E-07
   66     30     36     3.72785647156001E-07   2.46038527122960E-05
   66     31     35     6.43909336016259E-17   4.24980161770731E-15
   67     29     38     4.83847084871054E-06   3.24177546863606E-04
   67     30     37     4.97783910548299E-07   3.33515220067360E-05
   67     31     36     4.92552456992621E-15   3.30010146185056E-13
   68     30     38     4.14209928105621E-06   2.81662751111823E-04
   68     31     37     6.22399487540372E-16   4.23231651527453E-14
   68     32     36     1.53578720398772E-20   1.04433529871165E-18
   69     30     39     1.38389153161791E-08   9.54885156816357E-07
   69     31     38     8.41318348682432E-06   5.80509660590878E-04
   69     32     37     1.94976104185843E-18   1.34533511888232E-16
   70     30     40     4.71163637372190E-06   3.29814546160533E-04
   70     31     39     8.92666098809528E-17   6.24866269166670E-15
   70     32     38     2.45008505591430E-11   1.71505953914001E-09
   71     30     41     1.09562144889193E-17   7.77891228713271E-16
   71     31     40     6.42162817301596E-06   4.55935600284133E-04
   71     32     39     6.96113714379021E-15   4.94240737209105E-13
   71     33     38     8.98539203472710E-18   6.37962834465624E-16
   72     30     42     5.74456495013958E-06   4.13608676410050E-04
   72     31     41     6.51419911584428E-07   4.69022336340788E-05
   72     32     40     1.54422880895116E-07   1.11184474244484E-05
   72     33     39     4.27946917353429E-16   3.08121780494469E-14
   73     31     42     2.59047142705109E-06   1.89104414174730E-04
   73     32     41     6.42750431700455E-06   4.69207815141332E-04
   73     33     40     1.97664134107023E-14   1.44294817898127E-12
   73     34     39     2.76322141502284E-20   2.01715163296667E-18
   74     31     43     4.12571727802205E-19   3.05303078573631E-17
   74     32     42     1.41266445700093E-05   1.04537169818069E-03
   74     33     41     9.02273151937565E-14   6.67682132433798E-12
   74     34     40     3.92630982757369E-16   2.90546927240453E-14
   75     31     44     6.03011084842755E-20   4.52258313632066E-18
   75     32     43     4.05554121997137E-07   3.04165591497853E-05
   75     33     42     3.16496681090633E-05   2.37372510817975E-03
   75     34     41     2.30825109363952E-15   1.73118832022964E-13
   76     32     44     4.27241302543053E-05   3.24703389932720E-03
   76     33     43     1.78414274935508E-10   1.35594848950986E-08
   76     34     42     4.62472308581301E-11   3.51478954521789E-09
   77     32     45     4.88633404643171E-05   3.76247721575242E-03
   77     33     44     3.19133583917592E-05   2.45732859616546E-03
   77     34     43     2.79490184821835E-06   2.15207442312813E-04
   77     35     42     1.18675311777438E-16   9.13799900686272E-15
   78     32     46     1.64695568512299E-06   1.28462543439593E-04
   78     33     45     7.24834198137402E-06   5.65370674547173E-04
   78     34     44     9.43908281381753E-05   7.36248459477768E-03
   78     35     43     1.51049218306805E-18   1.17818390279308E-16
   78     36     42     4.95416677006740E-19   3.86425008065257E-17
   79     33     46     1.99821982409642E-19   1.57859366103617E-17
   79     34     45     2.43008846782198E-04   1.91976988957937E-02
   79     35     44     7.18301298026257E-13   5.67458025440743E-11
   79     36     43     2.89306750884637E-18   2.28552333198863E-16
   80     34     46     9.27936012774806E-05   7.42348810219845E-03
   80     35     45     5.52650478434348E-16   4.42120382747479E-14
   80     36     44     5.68445491538863E-13   4.54756393231091E-11
   81     34     47     1.41549563742166E-13   1.14655146631155E-11
   81     35     46     4.83339417308797E-05   3.91504928020126E-03
   81     36     45     5.87532103838301E-15   4.75901004109024E-13
   82     34     48     2.40961373577928E-05   1.97588326333901E-03
   82     35     47     2.36830001708718E-09   1.94200601401149E-07
   82     36     46     4.42998591857579E-10   3.63258845323215E-08
   83     34     49     1.65679522702637E-12   1.37514003843189E-10
   83     35     48     1.87865789700081E-06   1.55928605451067E-04
   83     36     47     1.80105596156990E-05   1.49487644810302E-03
   83     37     46     1.28507485456675E-17   1.06661212929040E-15
   84     35     49     3.21522355038989E-10   2.70078778232751E-08
   84     36     48     2.68664645520322E-05   2.25678302237070E-03
   84     37     47     5.33586969665340E-16   4.48213054518886E-14
   84     38     46     1.56555980297858E-18   1.31507023450200E-16
   85     36     49     1.01577546088267E-05   8.63409141750265E-04
   85     37     48     6.48764272606584E-10   5.51449631715596E-08
   85     38     47     8.35685503604611E-17   7.10332678063919E-15
   86     36     50     2.27973327200838E-05   1.96057061392721E-03
   86     37     49     1.68400676509339E-13   1.44824581798031E-11
   86     38     48     5.87639590952221E-15   5.05370048218910E-13
   86     39     47     2.70078250593420E-20   2.32267295510342E-18
   87     36     51     1.07384262892775E-07   9.34243087167141E-06
   87     37     50     1.24262737251682E-05   1.08108581408963E-03
   87     38     49     3.70811925664182E-14   3.22606375327838E-12
   87     39     48     1.87713196283168E-18   1.63310480766356E-16
   88     36     52     1.65920382472932E-06   1.46009936576180E-04
   88     37     51     1.94451942043603E-07   1.71117708998371E-05
   88     38     50     1.22660380486090E-05   1.07941134827760E-03
   88     39     49     5.89482155663269E-17   5.18744296983676E-15
   88     40     48     1.63479312638346E-19   1.43861795121745E-17
   89     37     52     1.85027749072877E-16   1.64674696674861E-14
   89     38     51     4.02925753590714E-06   3.58603920695735E-04
   89     39     50     1.91829746776245E-08   1.70728474630858E-06
   89     40     49     9.71717486655872E-18   8.64828563123726E-16
   90     38     52     6.22450818521530E-06   5.60205736669377E-04
   90     39     51     1.41160651689528E-10   1.27044586520575E-08
   90     40     50     6.72476692823650E-12   6.05229023541285E-10
   91     38     53     1.40573596937469E-06   1.27921973213097E-04
   91     39     52     1.22544559423184E-06   1.11515549075098E-04
   91     40     51     2.91557842201817E-09   2.65317636403653E-07
   91     41     50     1.28174880593573E-20   1.16639141340151E-18
   92     38     54     3.41703206685312E-07   3.14366950150487E-05
   92     39     53     1.04497210756257E-06   9.61374338957567E-05
   92     40     52     1.95714177722666E-06   1.80057043504853E-04
   92     41     51     2.43995533146162E-19   2.24475890494469E-17
   93     39     54     1.09169255567262E-06   1.01527407677554E-04
   93     40     53     8.67480436422787E-07   8.06756805873192E-05
   93     41     52     2.14101062242657E-16   1.99113987885671E-14
   93     42     51     4.56733626528224E-19   4.24762272671249E-17
   94     39     55     8.19591371624118E-15   7.70415889326671E-13
   94     40     54     2.28056894844001E-06   2.14373481153361E-04
   94     41     53     1.83716253932478E-15   1.72693278696530E-13
   94     42     52     2.23024092982673E-15   2.09642647403712E-13
   95     40     55     3.29501706278879E-06   3.13026620964935E-04
   95     41     54     1.26214714444744E-08   1.19903978722506E-06
   95     42     53     4.44860847823492E-11   4.22617805432317E-09
   95     43     52     1.76368768371001E-19   1.67550329952451E-17
   96     40     56     3.10659790545168E-06   2.98233398923361E-04
   96     41     55     2.63926235539287E-10   2.53369186117716E-08
   96     42     54     3.64146480725600E-11   3.49580621496576E-09
   96     43     53     5.03672834226459E-18   4.83525920857401E-16
   97     40     57     2.32273201296421E-06   2.25305005257528E-04
   97     41     56     1.78034415134572E-07   1.72693382680535E-05
   97     42     55     8.36537181745835E-07   8.11441066293460E-05
   97     43     54     2.48935702311704E-16   2.41467631242353E-14
   97     44     53     1.17538555177356E-17   1.14012398522035E-15
   98     42     56     3.56376870640450E-06   3.49249333227641E-04
   98     43     55     2.54789255946268E-15   2.49693470827343E-13
   98     44     54     6.84801183052284E-16   6.71105159391238E-14
   99     42     57     1.74069667045594E-06   1.72328970375138E-04
   99     43     56     1.67292716000342E-07   1.65619788840338E-05
   99     44     55     1.04092236221615E-14   1.03051313859399E-12
   99     45     54     1.50258451165728E-20   1.48755866654071E-18
  100     42     58     2.66855722781336E-06   2.66855722781336E-04
  100     44     56     3.63348467039461E-12   3.63348467039461E-10
  100     45     55     3.72038821664101E-19   3.72038821664101E-17
  101     42     59     4.13161859840078E-17   4.17293478438479E-15
  101     43     58     6.33000331939274E-16   6.39330335258667E-14
  101     44     57     2.72470622568942E-06   2.75195328794631E-04
  101     45     56     1.82253035321999E-17   1.84075565675219E-15
  101     46     55     2.95219350618656E-20   2.98171544124843E-18
  102     42     60     4.07107017731805E-20   4.15249158086441E-18
  102     44     58     4.03584457839704E-06   4.11656146996498E-04
  102     45     57     1.36155979305779E-16   1.38879098891895E-14
  102     46     56     2.29777406184628E-18   2.34372954308321E-16
  103     44     59     3.80134561227894E-06   3.91538598064731E-04
  103     45     58     2.44472474554045E-08   2.51806648790666E-06
  103     46     57     8.32267164662450E-17   8.57235179602324E-15
  104     43     61     1.02247307038353E-14   1.06337199319888E-12
  104     44     60     4.10568676774469E-06   4.26991423845448E-04
  104     45     59     1.73546334214475E-18   1.80488187583054E-16
  104     46     58     9.26050484249094E-14   9.63092503619058E-12
  105     44     61     1.13936893545800E-06   1.19633738223090E-04
  105     45     60     2.88200804759576E-06   3.02610844997555E-04
  105     46     59     3.07011530445130E-07   3.22362106967386E-05
  105     47     58     1.57084905572476E-18   1.64939150851100E-16
  106     44     62     2.75091928439098E-06   2.91597444145444E-04
  106     45     61     2.57947692934908E-12   2.73424554511003E-10
  106     46     60     1.87140810123612E-09   1.98369258731028E-07
  106     47     59     5.22715363193091E-19   5.54078284984676E-17
  107     45     62     2.90561942773051E-13   3.10901278767164E-11
  107     46     61     4.72395022237426E-06   5.05462673794046E-04
  107     47     60     1.48396501741481E-15   1.58784256863384E-13
  107     48     59     4.29056906784487E-20   4.59090890259401E-18
  108     46     62     2.88740880482161E-06   3.11840150920734E-04
  108     47     61     2.76558085056059E-18   2.98682731860543E-16
  108     48     60     4.42402551380081E-15   4.77794755490487E-13
  109     46     63     2.31167590562456E-06   2.51972673713077E-04
  109     47     62     1.28119744136541E-06   1.39650521108829E-04
  109     48     61     6.58810673632650E-17   7.18103634259588E-15
  110     46     64     6.51042932451531E-06   7.16147225696685E-04
  110     47     63     1.95681463641162E-18   2.15249610005278E-16
  110     48     62     9.44981933641214E-12   1.03948012700534E-09
  111     46     65     8.31208595355880E-13   9.22641540845026E-11
  111     47     64     4.80919718653108E-06   5.33820887704950E-04
  111     48     63     1.55101691569835E-07   1.72162877642516E-05
  111     49     62     2.75772543344976E-19   3.06107523112923E-17
  112     46     66     5.36435322230748E-06   6.00807560898437E-04
  112     47     65     7.59749810857260E-07   8.50919788160131E-05
  112     48     64     1.03656780361881E-06   1.16095594005307E-04
  112     49     63     9.44887473187096E-20   1.05827396996955E-17
  112     50     62     2.57144862692633E-18   2.88002246215749E-16
  113     47     66     1.73785583872339E-06   1.96377709775743E-04
  113     48     65     3.62826947898362E-06   4.09994451125149E-04
  113     49     64     1.41208790876117E-16   1.59565933690012E-14
  113     50     63     3.09686429826862E-18   3.49945665704354E-16
  114     48     66     7.32774927424924E-06   8.35363417264414E-04
  114     49     65     3.62088882735194E-19   4.12781326318122E-17
  114     50     64     7.24501612802536E-16   8.25931838594891E-14
  115     47     68     4.09929903838050E-14   4.71419389413757E-12
  115     48     67     2.93734717873085E-06   3.37794925554048E-04
  115     49     66     3.33183356711939E-07   3.83160860218730E-05
  115     50     65     2.79282243743708E-15   3.21174580305265E-13
  116     48     68     4.99867116857982E-06   5.79845855555260E-04
  116     49     67     3.03632997625720E-20   3.52214277245835E-18
  116     50     66     2.41230106947607E-13   2.79826924059224E-11
  117     48     69     3.29426155131537E-07   3.85428601503898E-05
  117     49     68     1.33603556588623E-07   1.56316161208689E-05
  117     50     67     3.28169192005565E-06   3.83957954646511E-04
  117     51     66     2.91927293159914E-19   3.41554932997099E-17
  118     48     70     2.40086618653710E-09   2.83302210011378E-07
  118     49     69     3.98151282516622E-12   4.69818513369613E-10
  118     50     68     3.32958164968739E-06   3.92890634663111E-04
  118     51     67     4.31468055732039E-20   5.09132305763806E-18
  119     50     69     3.02083379695644E-06   3.59479221837816E-04
  119     51     68     4.74436837744338E-16   5.64579836915762E-14
  120     50     70     4.30011591402211E-06   5.16013909682654E-04
  120     51     69     1.14843476694322E-17   1.37812172033187E-15
  121     50     71     2.28624051326220E-06   2.76635102104726E-04
  121     51     70     5.74723998104668E-07   6.95416037706648E-05
  122     50     72     3.08733255994110E-06   3.76654572312814E-04
  122     51     71     5.32737740438641E-12   6.49940043335142E-10
  122     52     70     5.04438831079099E-13   6.15415373916500E-11
  123     50     73     3.64714074234262E-06   4.48598311308143E-04
  123     51     72     7.12222226985594E-09   8.76033339192281E-07
  123     53     70     1.08766388082100E-19   1.33782657340983E-17
  124     50     74     2.56547483475916E-06   3.18118879510136E-04
  124     51     73     1.51600717586476E-13   1.87984889807230E-11
  124     52     72     7.69042855557529E-16   9.53613140891336E-14
  124     53     71     2.21284619912114E-18   2.74392928691021E-16
  125     50     75     5.46332995259702E-06   6.82916244074628E-04
  125     51     74     1.45214335681721E-07   1.81517919602152E-05
  125     52     73     1.83012772021632E-11   2.28765965027040E-09
  125     53     72     4.28466925132095E-16   5.35583656415119E-14
  126     50     76     1.34653763350987E-05   1.69663741822243E-03
  126     51     75     1.03739397841907E-11   1.30711641280803E-09
  126     52     74     2.94105345468079E-13   3.70572735289780E-11
  126     53     73     5.98761493555304E-15   7.54439481879684E-13
  126     54     72     3.35996829148742E-17   4.23356004727415E-15
  127     50     77     2.44911032195800E-06   3.11037010888666E-04
  127     51     76     3.97661831121969E-05   5.05030525524901E-03
  127     52     75     1.48519901740200E-06   1.88620275210054E-04
  127     53     74     4.14544965498148E-07   5.26472106182648E-05
  127     54     73     3.21297161680849E-17   4.08047395334678E-15
  128     50     78     1.41206931538615E-07   1.80744872369427E-05
  128     51     77     3.86176322964440E-05   4.94305693394483E-03
  128     52     76     2.90510789230771E-05   3.71853810215387E-03
  128     53     75     1.53857243499777E-14   1.96937271679714E-12
  128     54     74     5.56605483088825E-13   7.12455018353697E-11
  129     51     78     8.69875043385048E-05   1.12213880596671E-02
  129     52     77     3.06055420456094E-05   3.94811492388361E-03
  129     53     76     2.26377641331284E-04   2.92027157317356E-02
  129     54     75     1.42738460279176E-14   1.84132613760137E-12
  129     55     74     1.52771809735079E-18   1.97075634558252E-16
  130     51     79     6.62239690756761E-08   8.60911597983790E-06
  130     52     78     6.07315843349932E-04   7.89510596354912E-02
  130     53     77     1.59988713239479E-11   2.07985327211322E-09
  130     54     76     9.00764361027602E-12   1.17099366933588E-09
  130     55     75     2.80212852442215E-18   3.64276708174879E-16
  130     56     74     4.41123046296958E-19   5.73459960186046E-17
  131     51     80     1.36214732598344E-10   1.78441299703830E-08
  131     52     79     4.32268616164741E-09   5.66271887175811E-07
  131     53     78     9.62342319931391E-04   1.26066843911012E-01
  131     54     77     2.66345122609846E-05   3.48912110618898E-03
  131     55     76     5.40303389349926E-16   7.07797440048403E-14
  132     52     80     8.80164950445977E-04   1.16181773458869E-01
  132     53     79     2.49250208843648E-05   3.29010275673615E-03
  132     54     78     4.66330200708979E-05   6.15555864935852E-03
  132     55     77     3.00763492538115E-15   3.97007810150312E-13
  132     56     76     1.00533906997694E-18   1.32704757236957E-16
  133     52     81     1.68628862260217E-16   2.24276386806088E-14
  133     53     80     4.52431126122717E-04   6.01733397743213E-02
  133     54     79     1.42456397951349E-04   1.89467009275294E-02
  133     55     78     3.48461954926538E-06   4.63454400052296E-04
  134     52     82     1.51125133636661E-07   2.02507679073125E-05
  134     53     81     3.61959547073151E-06   4.85025793078022E-04
  134     54     80     9.10557968192105E-04   1.22014767737742E-01
  134     55     79     2.21015804528396E-13   2.96161178068050E-11
  134     56     78     4.43517774300205E-16   5.94313817562275E-14
  135     53     82     4.99875876503794E-05   6.74832433280121E-03
  135     54     81     5.25410442058316E-05   7.09304096778727E-03
  135     55     80     2.30894389920308E-05   3.11707426392416E-03
  135     56     79     9.25836562446448E-15   1.24987935930271E-12
  135     57     78     2.81930353407531E-17   3.80605977100166E-15
  136     54     82     1.51457393860463E-04   2.05982055650230E-02
  136     55     81     1.24620168195948E-11   1.69483428746489E-09
  136     56     80     3.75393738326364E-13   5.10535484123855E-11
  136     57     79     2.10677460534150E-18   2.86521346326445E-16
  137     55     82     5.36550091846476E-05   7.35073625829672E-03
  137     56     81     1.22225114632315E-09   1.67448407046272E-07
  137     57     80     6.60985278440528E-15   9.05549831463524E-13
  137     58     79     7.65870442441935E-18   1.04924250614545E-15
  138     54     84     1.49129064703245E-16   2.05798109290478E-14
  138     55     83     7.89885137242038E-10   1.09004148939401E-07
  138     56     82     2.53510524087469E-05   3.49844523240707E-03
  138     57     81     5.18944769880058E-14   7.16143782434480E-12
  138     58     80     3.71633443506960E-16   5.12854152039605E-14
  139     56     83     1.03206232619956E-07   1.43456663341739E-05
  139     57     82     7.22090319303918E-06   1.00370554383245E-03
  139     58     81     4.04830417371923E-15   5.62714280146973E-13
  139     59     80     1.27670306939795E-18   1.77461726646315E-16
  140     56     84     1.29095953814200E-05   1.80734335339880E-03
  140     57     83     2.39648969379213E-07   3.35508557130898E-05
  140     58     82     1.85127572154946E-08   2.59178601016924E-06
  140     59     81     9.34209220433703E-20   1.30789290860718E-17
  140     60     80     2.91169525416107E-20   4.07637335582549E-18
  141     56     85     8.76252888191169E-15   1.23551657234955E-12
  141     57     84     8.40688043623864E-07   1.18537014150965E-04
  141     58     83     2.79227404529329E-06   3.93710640386354E-04
  141     59     82     1.27870313448679E-08   1.80297141962638E-06
  141     60     81     1.74303470320929E-18   2.45767893152510E-16
  142     57     85     1.11377641612897E-07   1.58156251090314E-05
  142     58     84     5.23784042109453E-06   7.43773339795423E-04
  142     59     83     7.32266828130304E-15   1.03981889594503E-12
  142     60     82     2.90613450980356E-15   4.12671100392106E-13
  143     57     86     9.76077600309694E-18   1.39579096844286E-15
  143     58     85     1.11234449392579E-06   1.59065262631388E-04
  143     59     84     2.12557382836384E-07   3.03957057456029E-05
  143     60     83     1.97206374148222E-09   2.82005115031957E-07
  143     61     82     3.73488524996190E-19   5.34088590744551E-17
  144     58     86     1.75256587640431E-06   2.52369486202221E-04
  144     59     85     7.40932264819533E-11   1.06694246134013E-08
  144     60     84     1.48044806548016E-09   2.13184521429143E-07
  144     61     83     3.02002187298205E-18   4.34883149709415E-16
  145     59     86     4.71366096516578E-07   6.83480839949039E-05
  145     60     85     8.18726272524039E-07   1.18715309515986E-04
  145     61     84     1.84564875172571E-16   2.67619069000227E-14
  145     62     83     9.04051511473707E-19   1.31087469163687E-16
  146     58     88     2.91337627643111E-18   4.25352936358942E-16
  146     59     87     9.47200019195682E-13   1.38291202802570E-10
  146     60     86     1.46108556318967E-06   2.13318492225692E-04
  146     61     85     1.19705047858028E-15   1.74769369872721E-13
  146     62     84     1.14948532710416E-17   1.67824857757207E-15
  147     59     88     3.64151078385495E-18   5.35302085226678E-16
  147     60     87     2.10857351217072E-06   3.09960306289095E-04
  147     61     86     4.71538774018498E-08   6.93161997807192E-06
  147     62     85     6.00891950761274E-12   8.83311167619073E-10
  148     60     88     1.90566532373255E-06   2.82038467912418E-04
  148     61     87     6.95887309638623E-14   1.02991321826516E-11
  148     62     86     3.89106537078299E-15   5.75877674875883E-13
  149     60     89     9.67949411674060E-08   1.44224462339435E-05
  149     61     88     2.83014753906491E-06   4.21691983320671E-04
  149     62     87     2.49159241440393E-07   3.71247269746186E-05
  149     63     86     2.71606022529411E-18   4.04692973568822E-16
  150     60     90     2.30789266334715E-06   3.46183899502073E-04
  150     61     89     1.83943913692492E-11   2.75915870538739E-09
  150     62     88     1.56343972879024E-10   2.34515959318535E-08
  150     63     87     2.46551774957902E-17   3.69827662436854E-15
  151     60     91     7.45251716789316E-19   1.12533009235187E-16
  151     61     90     3.11884237249576E-06   4.70945198246860E-04
  151     62     89     7.16310514199632E-07   1.08162887644144E-04
  151     63     88     2.75509898929912E-12   4.16019947384167E-10
  152     60     92     2.72895634417173E-20   4.14801364314103E-18
  152     61     91     1.73265045525479E-20   2.63362869198728E-18
  152     62     90     2.04116503421943E-06   3.10257085201354E-04
  152     63     89     2.60363376088140E-15   3.95752331653973E-13
  152     64     88     8.10790269172677E-20   1.23240120914247E-17
  153     62     91     2.35344863391719E-06   3.60077640989330E-04
  153     63     90     3.23416184833664E-07   4.94826762795506E-05
  153     64     89     6.44323483512646E-18   9.85814929774349E-16
  154     62     92     2.03516446214856E-06   3.13415327170878E-04
  154     63     91     1.92306700894346E-12   2.96152319377293E-10
  154     64     90     4.17147693586417E-16   6.42407448123083E-14
  155     62     93     1.86635886317171E-13   2.89285623791615E-11
  155     63     92     2.17655976535639E-06   3.37366763630240E-04
  155     64     91     2.96982271544481E-10   4.60322520893946E-08
  155     65     90     8.08674697516806E-18   1.25344578115105E-15
  156     62     94     1.58528286023943E-06   2.47304126197351E-04
  156     63     93     1.42770615004969E-06   2.22722159407752E-04
  156     64     92     1.32265169018517E-08   2.06333663668887E-06
  156     65     91     9.73314393987701E-17   1.51837045462081E-14
  157     63     94     1.82431063770145E-06   2.86416770119128E-04
  157     64     93     8.73477290479195E-07   1.37135934605234E-04
  157     65     92     5.68257946295051E-15   8.92164975683231E-13
  157     66     91     1.19377623790468E-18   1.87422869351034E-16
  158     63     95     1.56670232989140E-09   2.47538968122842E-07
  158     64     94     3.91026817689378E-06   6.17822371949217E-04
  158     65     93     5.14006797537960E-14   8.12130740109977E-12
  158     66     92     7.15749642923859E-16   1.13088443581970E-13
  159     63     96     1.38336155506990E-14   2.19954487256114E-12
  159     64     95     5.11290409578735E-06   8.12951751230189E-04
  159     65     94     1.87168847365892E-06   2.97598467311769E-04
  159     66     93     1.06189337862358E-14   1.68841047201149E-12
  160     64     96     6.56206917652758E-06   1.04993106824441E-03
  160     65     95     4.17542339396731E-12   6.68067743034769E-10
  160     66     94     1.38682420466525E-13   2.21891872746441E-11
  161     65     96     9.13319293679722E-06   1.47044406282435E-03
  161     66     95     3.37752334626764E-07   5.43781258749090E-05
  161     67     94     2.69291410274110E-17   4.33559170541317E-15
  162     65     97     1.41264723204420E-20   2.28848851591160E-18
  162     66     96     9.46631401663341E-06   1.53354287069461E-03
  162     67     95     9.84466062852666E-18   1.59483502182132E-15
  162     68     94     1.24842997418089E-19   2.02245655817304E-17
  163     65     98     1.08408483649935E-13   1.76705828349394E-11
  163     66     97     1.31335729319581E-05   2.14077238790917E-03
  163     67     96     2.96425354733499E-14   4.83173328215603E-12
  163     68     95     6.10613639827792E-18   9.95300232919301E-16
  164     66     98     1.97121515030475E-05   3.23279284649979E-03
  164     67     97     5.81453962745947E-16   9.53584498903353E-14
  164     68     96     4.66612139191091E-14   7.65243908273389E-12
  165     66     99     8.25657871347027E-07   1.36233548772259E-04
  165     67     98     1.01274754391166E-05   1.67103344745424E-03
  165     68     97     2.25806303095908E-14   3.72580400108249E-12
  165     69     96     7.98189892335664E-19   1.31701332235385E-16
  166     66    100     1.12252885368529E-05   1.86339789711758E-03
  166     67     99     7.73290829423559E-07   1.28366277684311E-04
  166     68     98     9.18755608979539E-08   1.52513431090603E-05
  166     69     97     7.81748872287360E-18   1.29770312799702E-15
  167     67    100     1.39464165468969E-06   2.32905156333179E-04
  167     68     99     8.77268215351461E-06   1.46503791963694E-03
  167     69     98     2.44052829451828E-16   4.07568225184553E-14
  168     68    100     1.25600489160561E-05   2.11008821789742E-03
  168     69     99     1.26195875809383E-15   2.12009071359763E-13
  168     70     98     1.12603291533023E-19   1.89173529775479E-17
  169     68    101     7.12646153229502E-06   1.20437199895786E-03
  169     69    100     1.91683685793260E-07   3.23945428990609E-05
  169     70     99     9.35726239125801E-17   1.58137734412260E-14
  170     68    102     9.74866626427701E-06   1.65727326492709E-03
  170     69    101     6.77228960848061E-13   1.15128923344170E-10
  170     70    100     5.76284647356496E-15   9.79683900506044E-13
  171     68    103     3.21299564609384E-06   5.49422255482046E-04
  171     69    102     3.96875119043291E-06   6.78656453564028E-04
  171     70    101     8.08700558172695E-10   1.38287795447531E-07
  171     71    100     2.23486103921807E-18   3.82161237706290E-16
  172     68    104     7.62255352272441E-06   1.31107920590860E-03
  172     69    103     9.53230243604911E-07   1.63955601900045E-04
  172     70    102     4.71261345622351E-08   8.10569514470444E-06
  172     71    101     3.12054943329330E-17   5.36734502526447E-15
  173     69    104     4.70533039796648E-06   8.14022158848200E-04
  173     70    103     5.08720240281855E-06   8.80086015687609E-04
  173     71    102     6.75150408011014E-16   1.16801020585906E-13
  173     72    101     6.38606511968090E-19   1.10478926570480E-16
  174     70    104     1.39315704551947E-05   2.42409325920387E-03
  174     71    103     5.47855171515568E-15   9.53267998437089E-13
  174     72    102     2.20742454672379E-16   3.84091871129940E-14
  175     69    106     3.21900190802889E-16   5.63325333905056E-14
  175     70    105     7.16447586060498E-06   1.25378327560587E-03
  175     71    104     4.25223112939351E-07   7.44140447643865E-05
  175     72    103     3.12970439167405E-15   5.47698268542959E-13
  176     70    106     9.28963522968567E-06   1.63497580042468E-03
  176     71    105     4.77056993944181E-13   8.39620309341759E-11
  176     72    104     3.12991227464703E-14   5.50864560337878E-12
  177     70    107     3.49001126735013E-07   6.17731994320974E-05
  177     71    106     7.65829446678036E-06   1.35551812062012E-03
  177     72    105     2.13716155140824E-07   3.78277594599258E-05
  177     73    104     4.44285521972086E-19   7.86385373890593E-17
  178     70    108     9.66909379855899E-08   1.72109869614350E-05
  178     71    107     5.99695490696841E-08   1.06745797344038E-05
  178     72    106     1.30205594571955E-05   2.31765958338079E-03
  179     71    108     3.07659184454479E-06   5.50709940173517E-04
  179     72    107     8.13979394684783E-06   1.45702311648576E-03
  179     73    106     2.97170354947328E-16   5.31934935355717E-14
  179     74    105     4.17658149786625E-20   7.47608088118059E-18
  180     72    108     1.26266373029562E-05   2.27279471453211E-03
  180     73    107     1.63422500861847E-15   2.94160501551324E-13
  180     74    106     2.22713956320325E-16   4.00885121376586E-14
  181     72    109     9.13160100780140E-06   1.65281978241205E-03
  181     73    108     5.39816410500242E-08   9.77067703005438E-06
  181     74    107     4.01608339157037E-16   7.26911093874237E-14
  181     75    106     1.90412170722330E-20   3.44646029007417E-18
  182     72    110     1.54350560029523E-05   2.80918019253732E-03
  182     73    109     2.28767277706995E-13   4.16356445426731E-11
  182     74    108     5.55446669446503E-15   1.01091293839264E-12
  182     75    107     3.47458465937534E-19   6.32374408006312E-17
  183     72    111     8.20287447123606E-09   1.50112602823620E-06
  183     73    110     3.00198436841432E-06   5.49363139419821E-04
  183     74    109     1.26111493148975E-07   2.30784032462625E-05
  183     75    108     9.50823652118530E-18   1.74000728337691E-15
  184     72    112     1.74547150606609E-06   3.21166757116161E-04
  184     73    111     3.88965222841047E-06   7.15696010027527E-04
  184     74    110     1.98491475997097E-06   3.65224315834658E-04
  184     75    109     6.96084337778219E-17   1.28079518151192E-14
  185     73    112     1.55671327540813E-09   2.87991955950505E-07
  185     74    111     2.31151477845623E-06   4.27630234014402E-04
  185     75    110     6.66601842191428E-09   1.23321340805414E-06
  185     76    109     1.01207059656949E-17   1.87233060365356E-15
  186     74    112     5.12055123810224E-06   9.52422530287017E-04
  186     75    111     1.58736270007733E-14   2.95249462214383E-12
  186     76    110     1.94860007546461E-15   3.62439614036418E-13
  187     74    113     1.08539708134101E-06   2.02969254210769E-04
  187     75    112     3.09396098929033E-07   5.78570704997293E-05
  187     76    111     1.48709966082674E-14   2.78087636574601E-12
  187     77    110     5.37023499072810E-19   1.00423394326615E-16
  188     74    114     2.75339875253023E-06   5.17638965475684E-04
  188     75    113     8.38172096510894E-09   1.57576354144048E-06
  188     76    112     1.58094502219783E-09   2.97217664173191E-07
  188     77    111     9.75945035163205E-18   1.83477666610683E-15
  189     74    115     1.03000441662229E-20   1.94670834741612E-18
  189     75    114     3.04674871897219E-06   5.75835507885743E-04
  189     76    113     8.31481805806446E-07   1.57150061297418E-04
  189     77    112     1.71266140307959E-16   3.23693005182042E-14
  190     74    116     4.34529368694475E-11   8.25605800519502E-09
  190     75    115     5.00761695447915E-12   9.51447221351039E-10
  190     76    114     8.11453648940216E-06   1.54176193298641E-03
  190     77    113     9.07808025498716E-16   1.72483524844756E-13
  191     76    115     6.62432845992950E-06   1.26524673584653E-03
  191     77    114     1.06719188026982E-07   2.03833649131536E-05
  191     78    113     1.11420595279603E-15   2.12813336984042E-13
  192     76    116     1.20872837107023E-05   2.32075847245484E-03
  192     77    115     6.13708360941368E-13   1.17832005300743E-10
  192     78    114     2.49247318935380E-14   4.78554852355929E-12
  193     76    117     1.68374388339205E-05   3.24962569494666E-03
  193     77    116     3.69480002346323E-06   7.13096404528403E-04
  193     78    115     2.36015221887324E-13   4.55509378242534E-11
  193     79    114     6.71132916077864E-17   1.29528652803028E-14
  194     76    118     5.11811630710164E-05   9.92914563577718E-03
  194     77    117     5.07203961863416E-09   9.83975686015027E-07
  194     78    116     8.40874645378448E-10   1.63129681203419E-07
  194     79    115     1.14450868833293E-15   2.22034685536589E-13
  195     76    119     9.54417715281921E-20   1.86111454479975E-17
  195     77    118     5.92641095333954E-06   1.15565013590121E-03
  195     78    117     5.71129636258708E-05   1.11370279070448E-02
  195     79    116     1.60345518461964E-14   3.12673761000830E-12
  195     80    115     1.98641136559042E-18   3.87350216290131E-16
  196     76    120     1.82190495416723E-09   3.57093371016776E-07
  196     77    119     4.64865575353154E-11   9.11136527692183E-09
  196     78    118     6.19464376091174E-05   1.21415017713870E-02
  196     79    117     6.78633028497052E-14   1.33012073585422E-11
  196     80    116     1.91979718353686E-16   3.76280247973224E-14
  197     78    119     3.63905933931037E-05   7.16894689844142E-03
  197     79    118     1.26212958089461E-05   2.48639527436238E-03
  197     80    117     4.71926158694195E-16   9.29694532627564E-14
  198     78    120     2.34605391009099E-05   4.64518674198017E-03
  198     79    119     5.95651542389071E-12   1.17939005393036E-09
  198     80    118     5.74971859635632E-13   1.13844428207855E-10
  199     78    121     5.54480610788558E-11   1.10341641546923E-08
  199     79    120     6.84805547442118E-06   1.36276303940982E-03
  199     80    119     5.23675532288387E-07   1.04211430925389E-04
  200     78    122     1.82683915476292E-07   3.65367830952583E-05
  200     79    121     1.24541369596211E-08   2.49082739192422E-06
  200     80    120     9.98830913103214E-08   1.99766182620643E-05
  200     81    119     1.08780763205715E-20   2.17561526411431E-18
  201     78    123     2.59842063678280E-19   5.22282547993342E-17
  201     79    122     4.62515281682888E-14   9.29655716182604E-12
  201     80    121     4.43440519286776E-08   8.91315443766420E-06
  201     81    120     6.73768986483786E-19   1.35427566283241E-16
  202     78    124     2.75451492581832E-08   5.56412015015301E-06
  202     79    123     4.95185119078755E-12   1.00027394053909E-09
  202     80    122     4.07209268969702E-09   8.22562723318798E-07
  202     81    121     9.82790246821369E-18   1.98523629857916E-15
  202     82    120     1.43383079369110E-18   2.89633820325602E-16
  203     80    123     1.50501706343283E-08   3.05518463876864E-06
  203     81    122     8.14338363900863E-11   1.65310687871875E-08
  203     82    121     2.85484472022825E-17   5.79533478206334E-15
  204     80    124     1.69986316853516E-08   3.46772086381173E-06
  204     81    123     7.63292355500600E-16   1.55711640522122E-13
  204     82    122     3.07812397814437E-16   6.27937291541452E-14
  205     81    124     1.26932153866571E-09   2.60210915426471E-07
  205     82    123     1.92947146196287E-15   3.95541649702389E-13
  205     83    122     9.79177806525440E-19   2.00731450337715E-16
  206     82    124     1.15933062151460E-08   2.38822108032007E-06
  206     83    123     1.18662397948007E-17   2.44444539772895E-15
  207     81    126     9.14944518478689E-12   1.89393515325089E-09
  207     82    125     8.26890814453926E-08   1.71166398591963E-05
  207     83    124     1.13116265641633E-16   2.34150669878180E-14
  208     80    128     5.35724683850599E-12   1.11430734240925E-09
  208     81    127     1.03450942255156E-10   2.15177959890725E-08
  208     82    126     7.30072296852477E-08   1.51855037745315E-05
  208     83    125     4.83936347126843E-16   1.00658760202383E-13
  209     81    128     3.83024615829167E-14   8.00521447082958E-12
  209     82    127     1.79492702077190E-08   3.75139747341327E-06
  209     83    126     7.24308659270127E-08   1.51380509787457E-05
  210     81    129     1.78844096828832E-15   3.75572603340548E-13
  210     82    128     7.52019951631005E-08   1.57924189842511E-05
  210     83    127     2.00617774117618E-12   4.21297325646998E-10
  210     84    126     4.55973098007200E-14   9.57543505815120E-12
  211     82    129     6.89682463318271E-11   1.45522999760155E-08
  211     83    128     4.09165370701764E-12   8.63338932180723E-10
  211     84    127     4.61840451773267E-17   9.74483353241592E-15
  212     82    130     5.50828530433500E-08   1.16775648451902E-05
  212     83    129     5.66811352491543E-09   1.20164006728207E-06
  212     84    128     2.99084896137304E-19   6.34059979811084E-17
  213     82    131     1.04205813428772E-20   2.21958382603285E-18
  213     83    130     3.49735480909823E-11   7.44936574337924E-09
  213     84    129     4.64367497502430E-20   9.89102769680175E-18
  214     82    132     1.84201688866606E-10   3.94191614174537E-08
  214     83    131     1.36844428855899E-10   2.92847077751624E-08
  214     84    130     1.88900530001811E-17   4.04247134203876E-15
  215     83    132     2.28139471891229E-18   4.90499864566142E-16
  215     84    131     5.42130440784982E-17   1.16558044768771E-14
  216     82    134     9.32941301396701E-20   2.01515321101687E-17
  216     83    133     1.75614941457396E-20   3.79328273547976E-18
  216     84    132     2.97749031812343E-14   6.43137908714660E-12
  217     84    133     2.78503889979713E-16   6.04353441255976E-14
  217     85    132     1.91298338656388E-17   4.15117394884362E-15
  218     84    134     2.11574130271503E-11   4.61231603991876E-09
  218     85    133     3.41233855294924E-17   7.43889804542934E-15
  219     85    134     2.02120022790431E-19   4.42642849911045E-17
  219     86    133     1.20541742049608E-13   2.63986415088641E-11
  220     86    134     1.14171998363587E-11   2.51178396399892E-09
  221     86    135     8.18001435792482E-15   1.80778317310139E-12
  221     87    134     1.69154595636559E-13   3.73831656356795E-11
  222     86    136     3.75420464728974E-08   8.33433431698322E-06
  222     88    134     2.59214073045598E-20   5.75455242161228E-18
  223     86    137     1.00582265621613E-14   2.24298452336196E-12
  223     87    136     7.64866228966909E-14   1.70565169059621E-11
  223     88    135     3.00728129059999E-08   6.70623727803798E-06
  224     86    138     2.34103735382859E-09   5.24392367257605E-07
  224     87    137     7.52742045472441E-11   1.68614218185827E-08
  224     88    136     6.44903753463294E-08   1.44458440775778E-05
  225     88    137     3.11360623932877E-08   7.00561403848972E-06
  225     89    136     5.12679914001231E-10   1.15352980650277E-07
  226     88    138     7.78756393442694E-08   1.75998944918049E-05
  226     89    137     8.55732011853094E-17   1.93395434678799E-14
  226     90    136     1.24777077190844E-18   2.81996194451307E-16
  227     88    139     7.91999858862988E-12   1.79783967961898E-09
  227     89    138     4.15943094491411E-08   9.44190824495502E-06
  227     90    137     1.13663395009794E-12   2.58015906672233E-10
  228     88    140     8.77128600196104E-08   1.99985320844712E-05
  228     89    139     6.95444313801486E-12   1.58561303546739E-09
  228     90    138     4.24404018345382E-12   9.67641161827472E-10
  229     89    140     2.04226581238642E-10   4.67678871036491E-08
  229     90    139     6.26758961947179E-08   1.43527802285904E-05
  230     88    142     1.82553855193255E-09   4.19873866944486E-07
  230     89    141     4.08050773006622E-11   9.38516777915232E-09
  230     90    140     8.93486543821222E-08   2.05501905078881E-05
  231     90    141     5.96391357649440E-08   1.37766403617021E-05
  231     91    140     1.55385762008262E-08   3.58941110239085E-06
  232     90    142     1.11291502810512E-07   2.58196286520387E-05
  232     91    141     3.41008099264290E-15   7.91138790293152E-13
  233     90    143     6.30275843922343E-15   1.46854271633906E-12
  233     91    142     9.48737237269706E-08   2.21055776283842E-05
  233     92    141     8.32671096898881E-10   1.94012365577439E-07
  234     90    144     1.14348753085513E-07   2.67576082220099E-05
  234     91    143     7.92797639812105E-10   1.85514647716032E-07
  234     92    142     4.13369325328480E-10   9.67284221268644E-08
  235     91    144     5.16326228831504E-14   1.21336663775404E-11
  235     92    143     9.94702682419040E-08   2.33755130368474E-05
  236     90    146     8.36787657111985E-12   1.97481887078428E-09
  236     91    145     2.69709191997002E-12   6.36513693112924E-10
  236     92    144     1.43382694108828E-07   3.38383158096834E-05
  237     92    145     1.01359252444827E-07   2.40221428294239E-05
  237     93    144     3.72537966353626E-09   8.82914980258093E-07
  238     92    146     9.26396330187246E-08   2.20482326584564E-05
  238     93    145     4.70714051622828E-16   1.12029944286233E-13
  238     94    144     5.85708270608429E-17   1.39398568404806E-14
  239     91    148     3.87861675956976E-09   9.26989405537172E-07
  239     92    147     1.07866380201630E-09   2.57800648681896E-07
  239     93    146     1.00348176982944E-07   2.39832142989237E-05
  239     94    145     7.56760220681376E-09   1.80865692742849E-06
  240     92    148     6.09443164170464E-08   1.46266359400911E-05
  240     93    147     4.78065547824305E-09   1.14735731477833E-06
  240     94    146     2.78853162645116E-08   6.69247590348278E-06
  241     93    148     3.49197707367181E-19   8.41566474754907E-17
  241     94    147     6.92080223570628E-08   1.66791333880521E-05
  241     95    146     3.19504945450232E-12   7.70006918535059E-10
  242     92    150     2.15971229266657E-17   5.22650374825311E-15
  242     93    149     3.24692428731154E-18   7.85755677529393E-16
  242     94    148     5.17492656188558E-08   1.25233222797631E-05
  242     95    147     2.41898695459764E-19   5.85394843012629E-17
  242     96    146     8.96180717486077E-20   2.16875733631631E-17
  243     94    149     1.08907658002761E-08   2.64645608946709E-06
  243     95    148     2.54833964218725E-08   6.19246533051501E-06
  244     94    150     4.53731283519277E-08   1.10710433178704E-05
  244     95    149     8.56400435267438E-15   2.08961706205255E-12
  244     96    148     6.90042448331686E-15   1.68370357392931E-12
  245     94    151     1.22256915656652E-08   2.99529443358798E-06
  245     95    150     2.69114333225428E-09   6.59330116402300E-07
  245     96    149     6.85646700351416E-09   1.67983441586097E-06
  246     94    152     4.76234166555697E-08   1.17153604972701E-05
  246     95    151     1.19212701419711E-10   2.93263245492489E-08
  246     96    150     1.00328579162151E-09   2.46808304738892E-07
  246     97    149     2.01029772147392E-20   4.94533239482584E-18
  247     94    153     1.42844768206098E-08   3.52826577469063E-06
  247     95    152     1.01285587588374E-10   2.50175401343283E-08
  247     96    151     1.58279512928969E-09   3.90950396934554E-07
  248     96    152     3.89544083302016E-08   9.66069326589000E-06
  248     97    151     2.24751081519527E-13   5.57382682168428E-11
  249     96    153     1.12106650283750E-10   2.79145559206536E-08
  249     97    152     2.88501300849061E-08   7.18368239114162E-06
  249     98    151     1.78639012522393E-11   4.44811141180758E-09
  250     96    154     3.58517447969953E-08   8.96293619924881E-06
  250     97    153     4.22661768577880E-14   1.05665442144470E-11
  250     98    152     1.02703535355084E-13   2.56758838387711E-11
  251     96    155     1.49902157240406E-17   3.76254414673419E-15
  251     97    154     7.33473724241291E-11   1.84101904784564E-08
  251     98    153     3.38115125148467E-08   8.48668964122652E-06
  252     96    156     7.70551490417616E-09   1.94178975585239E-06
  252     97    155     5.75804122292622E-10   1.45102638817741E-07
  252     98    154     4.45786964114172E-08   1.12338314956771E-05
  252     99    153     1.41141434919328E-09   3.55676415996706E-07
  253     97    156     7.17032009369493E-12   1.81409098370482E-09
  253     98    155     3.13809378838557E-08   7.93937728461549E-06
  253     99    154     3.81964945206288E-10   9.66371311371909E-08
  254     96    158     8.27130003265666E-18   2.10091020829479E-15
  254     97    157     5.96690992484489E-18   1.51559512091060E-15
  254     98    156     2.52996315268240E-08   6.42610640781329E-06
  254     99    155     9.86464459632244E-11   2.50561972746590E-08
  255     98    157     2.89616628624413E-10   7.38522402992253E-08
  255     99    156     1.77848898179202E-08   4.53514690356965E-06
  255    100    155     7.16376664544654E-11   1.82676049458887E-08
  256     99    157     2.28130633126497E-14   5.84014420803832E-12
  256    100    156     8.49836366982060E-09   2.17558109947407E-06
  256    101    155     4.02052832982209E-09   1.02925525243445E-06
  257     98    159     3.57502911378533E-12   9.18782482242829E-10
  257     99    158     7.20384275004181E-09   1.85138758676075E-06
  257    100    157     2.05333653969918E-10   5.27707490702689E-08
  257    101    156     3.53972058220194E-16   9.09708189625899E-14
  258     98    160     9.30761315879176E-09   2.40136419496827E-06
  258     99    159     1.46504456413056E-11   3.77981497545684E-09
  258    100    158     7.29556432046348E-10   1.88225559467958E-07
  259    100    159     1.25051978311803E-08   3.23884623827569E-06
  259    101    158     1.73896736008247E-12   4.50392546261360E-10
  259    102    157     9.82270515317587E-13   2.54408063467255E-10
  260     98    162     4.47956014173084E-13   1.16468563685002E-10
  260     99    161     3.41258052202095E-14   8.87270935725448E-12
  260    100    160     1.37379698736247E-08   3.57187216714243E-06
  261    100    161     5.07014728648972E-09   1.32330844177382E-06
  261    101    160     2.34538102892218E-09   6.12144448548690E-07
  261    102    159     1.20609888955909E-16   3.14791810174921E-14
  262    100    162     6.66366748259730E-09   1.74588088044049E-06
  262    101    161     3.19420423404278E-18   8.36881509319208E-16
  263    100    163     1.13092852748921E-12   2.97434202729661E-10
  263    101    162     2.19279557472329E-09   5.76705236152226E-07
  263    102    161     1.09487629479170E-09   2.87952465530217E-07
  264    100    164     2.98077560336699E-10   7.86924759288887E-08
  264    101    163     4.15747013574496E-11   1.09757211583667E-08
  264    102    162     1.87950113486112E-09   4.96188299603337E-07
  265    101    164     6.87683419823171E-18   1.82236106253140E-15
  265    102    163     5.27288076113745E-10   1.39731340170142E-07
  265    103    162     1.50049597341207E-11   3.97631432954198E-09
  266    100    166     6.85182066414335E-20   1.82258429666213E-17
  266    101    165     1.34992173936708E-20   3.59079182671642E-18
  266    102    164     1.38714705667271E-09   3.68981117074940E-07
  266    103    163     3.92266496746496E-20   1.04342888134568E-17
  267    102    165     1.30056167890120E-19   3.47249968266621E-17
  267    103    164     3.14044449311788E-10   8.38498679662474E-08
  267    104    163     7.06834278904588E-11   1.88724752467525E-08
  268    102    166     2.30551706540089E-10   6.17878573527439E-08
  268    103    165     6.45758494344155E-14   1.73063276484233E-11
  268    104    164     3.16497352938422E-12   8.48212905874972E-10
  269    103    166     8.27189978173518E-14   2.22514104128676E-11
  269    104    165     4.87934781271063E-10   1.31254456161916E-07
  269    105    164     1.09045797456775E-12   2.93333195158724E-10
  270    102    168     4.90596768666696E-13   1.32461127540008E-10
  270    103    167     1.90807150316934E-14   5.15179305855721E-12
  270    104    166     1.66068482621011E-10   4.48384903076731E-08
  271    102    169     2.26781150930458E-20   6.14576919021542E-18
  271    104    167     7.93512010910613E-15   2.15041754956776E-12
  271    105    166     9.10310707216390E-11   2.46694201655642E-08
  272    102    170     1.32682418339508E-14   3.60896177883463E-12
  272    103    169     1.54012287834824E-15   4.18913422910721E-13
  272    104    168     5.63056467885288E-11   1.53151359264798E-08
  272    105    167     1.51932981114013E-19   4.13257708630116E-17
  273    104    169     3.95290119644948E-11   1.07914202663071E-08
  273    105    168     1.86908718057751E-11   5.10260800297661E-09
  273    106    167     5.51555354745015E-12   1.50574611845389E-09
  274    104    170     8.44887048836888E-11   2.31499051381307E-08
  275    104    171     6.79942083152255E-18   1.86984072866870E-15
  275    105    170     5.48449807438310E-12   1.50823697045535E-09
  275    106    169     6.74181963935855E-12   1.85400040082360E-09
  276    104    172     7.98043922300968E-12   2.20260122555067E-09
  276    105    171     6.04243075868406E-14   1.66771088939680E-11
  276    106    170     9.03123414571730E-13   2.49262062421797E-10
  277    105    172     1.12421742169350E-14   3.11408225809099E-12
  277    106    171     1.99550764472267E-13   5.52755617588179E-11
  277    107    170     5.02499230243235E-14   1.39192286777376E-11
  278    104    174     1.60202311428229E-14   4.45362425770476E-12
  278    105    173     1.20818615435606E-15   3.35875750910985E-13
  278    106    172     1.01180477938616E-13   2.81281728669352E-11
  279    106    173     1.39288282854355E-14   3.88614309163652E-12
  279    107    172     1.35321589659567E-15   3.77547235150191E-13
  279    108    171     7.82031908315141E-19   2.18186902419924E-16
  280    106    174     6.07703202928494E-15   1.70156896819978E-12
  281    106    175     1.12870696026223E-16   3.17166655833687E-14
  281    107    174     5.46781150071836E-16   1.53645503170186E-13
  281    108    173     6.04551983961079E-16   1.69879107493063E-13
  282    106    176     3.38869529877650E-15   9.55612074254973E-13
  282    107    175     9.46484337100127E-17   2.66908583062236E-14
  282    108    174     1.20666420796412E-15   3.40279306645881E-13
  283    108    175     1.90859007576553E-15   5.40130991441645E-13
  284    108    176     2.54303267812609E-15   7.22221280587810E-13
  285    108    177     3.91154906061063E-17   1.11479148227403E-14
  285    109    176     2.61109781849765E-17   7.44162878271830E-15
  285    110    175     2.50065186077485E-18   7.12685780320833E-16
  286    108    178     1.55870051725216E-15   4.45788347934118E-13
  287    108    179     5.55886501498629E-17   1.59539425930106E-14
  287    109    178     1.37322129124307E-17   3.94114510586762E-15
  287    110    177     1.37121050141659E-15   3.93537413906562E-13
  288    108    180     1.09533581373008E-16   3.15456714354264E-14
  288    109    179     3.99599821501470E-18   1.15084748592423E-15
  288    110    178     1.13768765250671E-16   3.27654043921934E-14
  289    110    179     2.15261283274369E-16   6.22105108662925E-14
  289    111    178     1.87065503125666E-18   5.40619304033176E-16
  290    110    180     4.51199848615977E-16   1.30847956098633E-13
  291    111    180     2.12930467835852E-20   6.19627661402330E-18
  292    110    182     5.93822017012462E-16   1.73396028967639E-13
  292    111    181     1.98822460770415E-17   5.80561585449612E-15
  293    111    182     3.92270430495366E-17   1.14935236135142E-14
  294    111    183     1.32827835580097E-17   3.90513836605485E-15
  295    111    184     1.79396253585751E-19   5.29218948077965E-17
  296    111    185     1.71719476559503E-20   5.08289650616128E-18
  297    111    186     1.04104327399235E-20   3.09189852375727E-18
  301    111    190     4.50827497972626E-17   1.35699076889760E-14
  302    111    191     7.65809912228221E-17   2.31274593492923E-14
  303    111    192     8.36943128610870E-17   2.53593767969094E-14
  304    111    193     1.72836924718893E-16   5.25424251145435E-14
  305    111    194     1.49520401310250E-16   4.56037223996262E-14
  306    111    195     3.95193435510495E-16   1.20929191266211E-13
  307    111    196     2.34622764736065E-16   7.20291887739721E-14
  308    111    197     3.44338459319860E-16   1.06056245470517E-13
  309    111    198     2.01449981611963E-16   6.22480443180965E-14
  310    111    199     3.06777413083573E-16   9.51009980559076E-14
  311    111    200     1.51280277544012E-16   4.70481663161878E-14
  312    111    201     1.87428747448309E-16   5.84777692038724E-14
  313    111    202     9.39500739929052E-17   2.94063731597793E-14
  314    111    203     1.02289345300179E-16   3.21188544242563E-14
  315    111    204     4.99709823025407E-17   1.57408594253003E-14
  316    111    205     6.14822852239477E-17   1.94284021307675E-14
  317    111    206     3.15680916087738E-17   1.00070850399813E-14
  318    111    207     3.70375023998823E-17   1.17779257631626E-14
  319    111    208     3.09115779889260E-17   9.86079337846741E-15
  320    111    209     2.06945760072829E-17   6.62226432233051E-15
  321    111    210     2.21627750647308E-17   7.11425079577859E-15
  322    111    211     4.52961150316117E-17   1.45853490401790E-14
  323    111    212     1.95628385831281E-17   6.31879686235037E-15
  324    111    213     1.27795339329378E-17   4.14056899427185E-15
  325    111    214     7.00417186975017E-18   2.27635585766880E-15
  326    111    215     3.00138938762763E-18   9.78452940366608E-16
  327    111    216     2.03643916105561E-17   6.65915605665185E-15
  328    107    221     3.22709602013305E-19   1.05848749460364E-16
  328    111    217     5.42332974256753E-18   1.77885215556215E-15
  329    111    218     1.48981116304622E-17   4.90147872642206E-15
  330    111    219     1.31263945947469E-18   4.33171021626648E-16
  331    111    220     4.03590720551156E-18   1.33588528502433E-15
  332    111    221     3.36369020666838E-19   1.11674514861390E-16
  333    111    222     1.86014024361617E-18   6.19426701124186E-16
  334    111    223     1.05195893527517E-19   3.51354284381906E-17
  335    111    224     5.63679736643610E-19   1.88832711775609E-16
  336    111    225     2.20017480177793E-20   7.39258733397383E-18
  337    111    226     6.92452882228588E-19   2.33356621311034E-16
