# 1:A 2:Z 3:N 4:Yi 5:Xi
    1      0      1     9.90817847288392E-12   9.90817847288392E-12
    1      1      0     3.12069525802051E-01   3.12069525802051E-01
    2      1      1     8.50128906278763E-06   1.70025781255753E-05
    3      1      2     1.26618543146538E-06   3.79855629439613E-06
    3      2      1     4.74522004351165E-06   1.42356601305349E-05
    4      2      2     1.68385800997660E-01   6.73543203990639E-01
    6      3      3     2.22262180736969E-13   1.33357308442182E-12
    7      3      4     2.02938037195564E-09   1.42056626036895E-08
    7      4      3     4.61564409509225E-11   3.23095086656457E-10
    9      4      5     1.03741856095839E-12   9.33676704862550E-12
    9      6      3     3.59734240244810E-12   3.23760816220329E-11
   10      4      6     1.67762447926264E-13   1.67762447926264E-12
   10      5      5     7.11571946245110E-08   7.11571946245110E-07
   11      5      6     3.31279625972550E-06   3.64407588569805E-05
   11      6      5     4.81449241389454E-14   5.29594165528399E-13
   12      6      6     5.83372152803027E-06   7.00046583363633E-05
   13      6      7     2.70670857837470E-06   3.51872115188711E-05
   13      7      6     6.75503400233641E-18   8.78154420303733E-17
   14      6      8     2.80075375661439E-09   3.92105525926015E-08
   14      7      7     9.56398407667181E-06   1.33895777073405E-04
   14      8      6     1.59065202526239E-20   2.22691283536734E-19
   15      7      8     4.21817241348869E-06   6.32725862023303E-05
   15      8      7     7.75856210112957E-18   1.16378431516944E-16
   15      9      6     9.45732033784967E-16   1.41859805067745E-14
   16      8      8     2.97097797492769E-05   4.75356475988431E-04
   16      9      7     2.48441212752525E-16   3.97505940404039E-15
   17      8      9     5.14043149547954E-07   8.73873354231521E-06
   18      8     10     3.05409670319182E-08   5.49737406574527E-07
   18      9      9     9.70204170816333E-10   1.74636750746940E-08
   19      9     10     1.53266325606528E-09   2.91206018652404E-08
   20     10     10     1.66007820131326E-07   3.32015640262652E-06
   21     10     11     9.53732635678699E-10   2.00283853492527E-08
   22     10     12     4.64952891659215E-09   1.02289636165027E-07
   22     11     11     2.47937917927290E-09   5.45463419440037E-08
   23     11     12     5.94304727695485E-09   1.36690087369962E-07
   24     11     13     8.91279479965837E-12   2.13907075191801E-10
   24     12     12     1.54098749487272E-08   3.69836998769454E-07
   25     11     14     1.63792562502057E-20   4.09481406255144E-19
   25     12     13     5.44743994152526E-08   1.36185998538131E-06
   26     12     14     3.08604391194330E-08   8.02371417105259E-07
   26     13     13     1.38577098116488E-09   3.60300455102869E-08
   27     12     15     2.60183333179543E-19   7.02494999584765E-18
   27     13     14     1.03058415818775E-07   2.78257722710692E-06
   27     14     13     1.44109190758344E-20   3.89094815047530E-19
   28     12     16     5.82219631093306E-13   1.63021496706126E-11
   28     13     15     1.03857130434092E-15   2.90799965215457E-14
   28     14     14     1.74749330132243E-06   4.89298124370281E-05
   29     13     16     1.69306183810478E-18   4.90987933050388E-17
   29     14     15     5.65345645754064E-07   1.63950237268678E-05
   30     14     16     1.46524369773376E-06   4.39573109320128E-05
   30     15     15     1.15713474158263E-18   3.47140422474788E-17
   31     14     17     6.20956747749785E-10   1.92496591802433E-08
   31     15     16     1.11350848554083E-06   3.45187630517657E-05
   32     14     18     3.92034943555439E-10   1.25451181937740E-08
   32     15     17     1.55497875319737E-09   4.97593201023159E-08
   32     16     16     2.17945598499918E-06   6.97425915199737E-05
   33     15     18     9.62540062535719E-09   3.17638220636787E-07
   33     16     17     1.21443344978052E-06   4.00763038427573E-05
   34     16     18     2.50940253464513E-06   8.53196861779345E-05
   34     17     17     1.00707231893626E-20   3.42404588438330E-19
   35     16     19     2.59599845305475E-09   9.08599458569164E-08
   35     17     18     1.64002713920570E-06   5.74009498721996E-05
   36     16     20     2.49324759088661E-08   8.97569132719181E-07
   36     17     19     7.23727612722379E-10   2.60541940580056E-08
   36     18     18     1.56500969008974E-06   5.63403488432307E-05
   37     17     20     5.16106052698362E-07   1.90959239498394E-05
   37     18     19     7.34014782120197E-07   2.71585469384473E-05
   38     16     22     1.39623333305033E-15   5.30568666559127E-14
   38     17     21     7.32349722768043E-14   2.78292894651856E-12
   38     18     20     1.54054059041095E-06   5.85405424356161E-05
   38     19     19     6.36446289352590E-18   2.41849589953984E-16
   39     17     22     2.00583675494242E-14   7.82276334427544E-13
   39     18     21     6.76521758341814E-09   2.63843485753308E-07
   39     19     20     2.85705182901197E-06   1.11425021331467E-04
   40     18     22     5.99543058891232E-10   2.39817223556493E-08
   40     19     21     6.06381849670991E-08   2.42552739868396E-06
   40     20     20     1.03119941215217E-05   4.12479764860869E-04
   41     18     23     1.94658470812839E-13   7.98099730332641E-12
   41     19     22     1.06753035076296E-08   4.37687443812814E-07
   41     20     21     3.79842949270864E-07   1.55735609201054E-05
   42     18     24     1.01207142328175E-12   4.25069997778335E-11
   42     19     23     1.89151699346107E-10   7.94437137253649E-09
   42     20     22     2.44917581978839E-07   1.02865384431113E-05
   43     19     24     2.26665299122099E-11   9.74660786225027E-10
   43     20     23     3.30551633938854E-07   1.42137202593707E-05
   43     21     22     2.40405227342576E-09   1.03374247757308E-07
   44     19     25     4.84092127766056E-19   2.13000536217065E-17
   44     20     24     1.68863712073824E-07   7.43000333124826E-06
   44     21     23     3.99902264919672E-10   1.75956996564656E-08
   44     22     22     1.55598639532210E-06   6.84634013941724E-05
   45     19     26     1.88211350439682E-20   8.46951076978567E-19
   45     20     25     2.89660742002833E-07   1.30347333901275E-05
   45     21     24     1.74547677135566E-07   7.85464547110046E-06
   45     22     23     5.49147163395683E-09   2.47116223528057E-07
   46     20     26     4.47730440076050E-08   2.05956002434983E-06
   46     21     25     9.03843912040619E-10   4.15768199538685E-08
   46     22     24     2.68053273354740E-07   1.23304505743181E-05
   47     20     27     1.17710951363170E-11   5.53241471406899E-10
   47     21     26     3.03024547600918E-09   1.42421537372432E-07
   47     22     25     3.19070372443546E-07   1.49963075048466E-05
   47     23     24     2.27091014273246E-15   1.06732776708425E-13
   48     20     28     5.26800671331077E-11   2.52864322238917E-09
   48     21     27     3.22325388627564E-11   1.54716186541230E-09
   48     22     26     6.31368785830829E-07   3.03057017198798E-05
   48     23     25     1.01979875939495E-07   4.89503404509577E-06
   48     24     24     1.92806499283374E-07   9.25471196560194E-06
   49     21     28     2.75446057120599E-15   1.34968567989093E-13
   49     22     27     6.50139150761389E-08   3.18568183873081E-06
   49     23     26     5.95534636620729E-07   2.91811971944157E-05
   49     24     25     4.93424937997498E-13   2.41778219618774E-11
   50     22     28     2.11165465642865E-09   1.05582732821432E-07
   50     23     27     1.40847376125734E-07   7.04236880628672E-06
   50     24     26     6.44370910106104E-07   3.22185455053052E-05
   51     22     29     1.05510411985378E-19   5.38103101125430E-18
   51     23     28     5.98698418589106E-08   3.05336193480444E-06
   51     24     27     5.51370217512129E-07   2.81198810931186E-05
   51     25     26     5.56095517845719E-15   2.83608714101317E-13
   52     23     29     4.28377316325552E-19   2.22756204489287E-17
   52     24     28     1.26519096415756E-06   6.57899301361929E-05
   52     25     27     1.98292639556727E-07   1.03112172569498E-05
   52     26     26     2.39844291994749E-08   1.24719031837269E-06
   53     23     30     2.69324497178106E-20   1.42741983504396E-18
   53     24     29     9.18151856286039E-07   4.86620483831600E-05
   53     25     28     2.61435977457728E-09   1.38561068052596E-07
   53     26     27     2.91484216589166E-18   1.54486634792258E-16
   54     24     30     2.53134032660003E-08   1.36692377636402E-06
   54     25     29     1.78849057555368E-07   9.65784910798986E-06
   54     26     28     1.07787031606347E-06   5.82049970674272E-05
   55     24     31     1.95532638468313E-20   1.07542951157572E-18
   55     25     30     4.84130176590165E-08   2.66271597124591E-06
   55     26     29     9.89203960111991E-07   5.44062178061595E-05
   55     27     28     1.24553242754447E-10   6.85042835149461E-09
   56     24     32     1.18823809974051E-20   6.65413335854687E-19
   56     25     31     2.35727234987564E-10   1.32007251593036E-08
   56     26     30     4.98327956819847E-06   2.79063655819115E-04
   56     27     29     2.75692685177631E-07   1.54387903699473E-05
   56     28     28     3.59571775186051E-06   2.01360194104189E-04
   57     25     32     4.20684470110091E-20   2.39790147962752E-18
   57     26     31     1.96017283147705E-07   1.11729851394192E-05
   57     27     30     2.40608923561292E-06   1.37147086429937E-04
   57     28     29     6.23699292723242E-08   3.55508596852248E-06
   58     26     32     2.77314332421748E-07   1.60842312804614E-05
   58     27     31     3.70165050005816E-07   2.14695729003373E-05
   58     28     30     2.42039133942426E-06   1.40382697686607E-04
   59     26     33     3.84621123514576E-09   2.26926462873600E-07
   59     27     32     1.97040235544513E-07   1.16253738971263E-05
   59     28     31     1.17873114994009E-06   6.95451378464651E-05
   60     26     34     1.05861258931884E-08   6.35167553591304E-07
   60     27     33     1.02399367479680E-09   6.14396204878082E-08
   60     28     32     1.45533720776570E-06   8.73202324659420E-05
   60     29     31     1.58536626252862E-18   9.51219757517169E-17
   61     27     34     2.81577179069959E-11   1.71762079232675E-09
   61     28     33     7.31463641113507E-07   4.46192821079239E-05
   61     29     32     3.14011710743035E-10   1.91547143553251E-08
   62     27     35     1.44998629768873E-20   8.98991504567014E-19
   62     28     34     8.01632833971227E-07   4.97012357062161E-05
   62     29     33     4.28685119912870E-10   2.65784774345979E-08
   62     30     32     2.40359190809568E-08   1.49022698301932E-06
   63     28     35     4.95808725389363E-08   3.12359496995298E-06
   63     29     34     1.02308708302826E-06   6.44544862307806E-05
   63     30     33     9.30263684081059E-14   5.86066120971067E-12
   64     28     36     8.10502434309443E-08   5.18721557958044E-06
   64     29     35     7.34862768754833E-08   4.70312172003093E-06
   64     30     34     1.07969187847728E-06   6.91002802225461E-05
   64     31     33     1.63529480818058E-20   1.04658867723557E-18
   65     28     37     4.16214013404024E-11   2.70539108712615E-09
   65     29     36     2.36048556584935E-07   1.53431561780208E-05
   65     30     35     4.90411498482718E-07   3.18767474013767E-05
   65     31     34     6.79487719942610E-19   4.41667017962697E-17
   66     28     38     9.17857339535881E-09   6.05785844093681E-07
   66     29     37     1.43255783363944E-11   9.45488170202032E-10
   66     30     36     1.20173362020135E-06   7.93144189332892E-05
   66     31     35     9.82981411908495E-10   6.48767731859607E-08
   66     32     34     4.04350561890241E-11   2.66871370847559E-09
   67     29     38     1.49519441747729E-09   1.00178025970979E-07
   67     30     37     1.66316484835621E-07   1.11432044839866E-05
   67     31     36     2.64197482113593E-07   1.77012313016108E-05
   67     32     35     1.09199070787931E-18   7.31633774279140E-17
   68     30     38     4.05290907224165E-07   2.75597816912432E-05
   68     31     37     4.24770593972575E-10   2.88844003901351E-08
   68     32     36     4.11896321830170E-07   2.80089498844515E-05
   69     30     39     1.59713061128952E-11   1.10202012178977E-09
   69     31     38     5.21609841923291E-07   3.59910790927071E-05
   69     32     37     5.54108307735889E-08   3.82334732337763E-06
   69     33     36     5.11689672389207E-20   3.53065873948553E-18
   70     30     40     1.33794391639816E-09   9.36560741478715E-08
   70     31     39     4.09390018349291E-15   2.86573012844504E-13
   70     32     38     8.04963956016585E-07   5.63474769211610E-05
   70     33     37     1.32336500096098E-13   9.26355500672687E-12
   70     34     36     2.56540989261357E-15   1.79578692482950E-13
   71     31     40     5.52850802824241E-08   3.92524070005211E-06
   71     32     39     2.47673717470641E-07   1.75848339404155E-05
   71     33     38     8.98631038964975E-09   6.38028037665132E-07
   71     34     37     4.04422650483625E-20   2.87140081843374E-18
   72     30     42     6.34419537943915E-13   4.56782067319619E-11
   72     31     41     4.48861666809287E-09   3.23180400102686E-07
   72     32     40     4.44097850069699E-07   3.19750452050183E-05
   72     33     39     6.80507837936473E-09   4.89965643314260E-07
   72     34     38     1.52300117428872E-07   1.09656084548788E-05
   73     31     42     5.09630830237732E-10   3.72030506073544E-08
   73     32     41     5.72197174806015E-08   4.17703937608391E-06
   73     33     40     1.91226148136754E-07   1.39595088139831E-05
   73     34     39     1.12600982350078E-08   8.21987171155570E-07
   74     32     42     4.44744537173791E-08   3.29110957508605E-06
   74     33     41     1.21584915679512E-07   8.99728376028385E-06
   74     34     40     2.63408433412301E-07   1.94922240725103E-05
   74     35     39     1.94018777480498E-19   1.43573895335569E-17
   75     32     43     2.37920318189946E-11   1.78440238642460E-09
   75     33     42     1.87343682145368E-07   1.40507761609026E-05
   75     34     41     1.37442517696360E-07   1.03081888272270E-05
   75     35     40     1.55212820883463E-13   1.16409615662597E-11
   76     32     44     7.24374458683751E-08   5.50524588599650E-06
   76     33     43     6.67858557022163E-09   5.07572503336844E-07
   76     34     42     6.31569864700273E-07   4.79993097172208E-05
   76     35     41     1.85936233433161E-09   1.41311537409203E-07
   76     36     40     4.24651904435542E-09   3.22735447371012E-07
   77     32     45     1.30305689901487E-10   1.00335381224145E-08
   77     33     44     3.46261827221782E-08   2.66621606960772E-06
   77     34     43     1.85217695328184E-07   1.42617625402701E-05
   77     35     42     2.62732307527034E-08   2.02303876795816E-06
   77     36     41     2.69111105585492E-11   2.07215551300829E-09
   78     32     46     2.27164696888276E-14   1.77188463572855E-12
   78     33     45     9.13626361670576E-11   7.12628562103049E-09
   78     34     44     4.41443868210999E-07   3.44326217204579E-05
   78     35     43     1.26587521485693E-18   9.87382667588408E-17
   78     36     42     1.58169573011973E-07   1.23372266949339E-05
   79     34     45     1.75482362648180E-07   1.38631066492062E-05
   79     35     44     1.53309178300098E-08   1.21114250857078E-06
   79     36     43     4.80422417688725E-08   3.79533709974092E-06
   79     37     42     9.23600058548677E-20   7.29644046253455E-18
   80     34     46     2.95188017108096E-08   2.36150413686477E-06
   80     35     45     8.23204904667072E-17   6.58563923733658E-15
   80     36     44     5.66935738452669E-07   4.53548590762135E-05
   80     37     43     1.44295914086800E-13   1.15436731269440E-11
   80     38     42     2.74188830277350E-11   2.19351064221880E-09
   81     34     47     2.40666484448191E-18   1.94939852403034E-16
   81     35     46     2.21845006617174E-07   1.79694455359911E-05
   81     36     45     3.26354016143931E-07   2.64346753076584E-05
   81     37     44     1.89082157563645E-09   1.53156547626552E-07
   81     38     43     6.88558065827356E-17   5.57732033320158E-15
   82     34     48     6.74794823339303E-11   5.53331755138228E-09
   82     35     47     4.74247520901733E-08   3.88882967139421E-06
   82     36     46     8.40144150637930E-07   6.88918203523102E-05
   82     37     45     8.32491499738424E-13   6.82643029785508E-11
   82     38     44     2.41462024019700E-08   1.97998859696154E-06
   83     34     49     3.57188431132801E-20   2.96466397840225E-18
   83     35     48     1.86862571805189E-09   1.55095934598307E-07
   83     36     47     1.43942758399144E-07   1.19472489471290E-05
   83     37     46     1.57393468616613E-07   1.30636578951788E-05
   83     38     45     5.34136758267703E-08   4.43333509362194E-06
   84     35     49     2.11158991280168E-14   1.77373552675341E-12
   84     36     48     9.70940625364562E-08   8.15590125306232E-06
   84     37     47     8.41974529641802E-08   7.07258604899114E-06
   84     38     46     6.88419904617816E-07   5.78272719878966E-05
   84     39     45     9.41742631291015E-16   7.91063810284453E-14
   84     40     44     2.14427682991595E-18   1.80119253712940E-16
   85     36     49     6.70818251401651E-09   5.70195513691404E-07
   85     37     48     4.95280366624248E-07   4.20988311630611E-05
   85     38     47     3.37888193007265E-07   2.87204964056175E-05
   85     39     46     1.03970889681415E-11   8.83752562292026E-10
   85     40     45     2.98998015735562E-20   2.54148313375228E-18
   86     36     50     3.40348157529181E-10   2.92699415475096E-08
   86     37     49     2.16041092175066E-07   1.85795339270557E-05
   86     38     48     1.50551445277093E-06   1.29474242938300E-04
   86     39     47     2.26068362134473E-09   1.94418791435647E-07
   86     40     46     5.94127436973960E-09   5.10949595797605E-07
   87     36     51     6.11589758104781E-15   5.32083089551159E-13
   87     37     50     6.16448681848331E-08   5.36310353208048E-06
   87     38     49     2.67701708021761E-07   2.32900485978932E-05
   87     39     48     7.68846425837781E-08   6.68896390478869E-06
   87     40     47     1.79387697676009E-10   1.56067296978128E-08
   88     36     52     1.52957746049906E-15   1.34602816523917E-13
   88     37     51     1.80550361858073E-16   1.58884318435104E-14
   88     38     50     7.88433740081105E-08   6.93821691271373E-06
   88     39     49     8.52459898788571E-08   7.50164710933942E-06
   88     40     48     2.41917632011013E-07   2.12887516169691E-05
   88     41     47     2.79411149088360E-19   2.45881811197757E-17
   89     38     51     1.04438177931417E-09   9.29499783589610E-08
   89     39     50     1.33989763525932E-06   1.19250889538080E-04
   89     40     49     4.11228004201729E-07   3.65992923739539E-05
   89     41     48     1.11173498142767E-12   9.89444133470628E-11
   89     42     47     4.44566211837549E-20   3.95663928535418E-18
   90     38     52     3.50297432620319E-11   3.15267689358287E-09
   90     39     51     5.14342284882781E-08   4.62908056394502E-06
   90     40     50     2.80270286767617E-06   2.52243258090856E-04
   90     41     49     1.76044887172496E-09   1.58440398455246E-07
   90     42     48     8.58224884195005E-10   7.72402395775504E-08
   91     38     53     5.35194028449707E-13   4.87026565889233E-11
   91     39     52     2.33982308818794E-08   2.12923901025103E-06
   91     40     51     1.81562709648354E-07   1.65222065780002E-05
   91     41     50     4.59236781656271E-07   4.17905471307207E-05
   91     42     49     5.00451748610503E-17   4.55411091235558E-15
   92     38     54     4.21790436890416E-15   3.88047201939183E-13
   92     39     53     3.60293720675983E-10   3.31470223021905E-08
   92     40     52     2.88138461923420E-08   2.65087384969546E-06
   92     41     51     5.96185975553104E-07   5.48491097508856E-05
   92     42     50     2.39548749285009E-06   2.20384849342208E-04
   92     43     49     3.97805212252543E-19   3.65980795272340E-17
   92     44     48     1.05709875178834E-20   9.72530851645268E-19
   93     39     54     3.82971091501526E-10   3.56163115096419E-08
   93     40     53     1.61589724590729E-09   1.50278443869378E-07
   93     41     52     1.23765558104118E-06   1.15101969036829E-04
   93     42     51     6.66317150655414E-07   6.19674950109535E-05
   93     43     50     1.00039184740169E-09   9.30364418083569E-08
   93     44     49     8.52375488814684E-20   7.92709204597656E-18
   94     39     55     2.55680162522968E-19   2.40339352771590E-17
   94     40     54     2.41688585321802E-10   2.27187270202494E-08
   94     41     53     5.30836072899040E-07   4.98985908525097E-05
   94     42     52     1.26017116410252E-06   1.18456089425637E-04
   94     43     51     1.25631696012714E-07   1.18093794251951E-05
   94     44     50     2.95068272347963E-10   2.77364176007085E-08
   95     40     55     1.80190165084633E-11   1.71180656830401E-09
   95     41     54     2.93937589434412E-07   2.79240709962691E-05
   95     42     53     3.73689353992432E-07   3.55004886292811E-05
   95     43     52     4.63329499390919E-07   4.40163024421373E-05
   95     44     51     1.00518416594037E-08   9.54924957643350E-07
   96     40     56     8.82120867542570E-13   8.46836032840867E-11
   96     41     55     6.24361705884751E-08   5.99387237649361E-06
   96     42     54     1.97745698404914E-07   1.89835870468718E-05
   96     43     53     1.39001210483281E-07   1.33441162063949E-05
   96     44     52     3.53975093211241E-06   3.39816089482791E-04
   96     45     51     1.07877144529502E-19   1.03562058748322E-17
   97     40     57     2.57286097723970E-14   2.49567514792250E-12
   97     41     56     3.20750308002532E-10   3.11127798762456E-08
   97     42     55     7.57560346210482E-08   7.34833535824168E-06
   97     43     54     5.43885983296573E-07   5.27569403797676E-05
   97     44     53     5.40643200264635E-07   5.24423904256696E-05
   97     45     52     1.19971509239587E-13   1.16372363962399E-11
   97     46     51     4.52729881629144E-20   4.39147985180270E-18
   98     42     56     2.07226819434159E-08   2.03082283045476E-06
   98     43     55     5.83440141998698E-07   5.71771339158724E-05
   98     44     54     5.39142938355161E-06   5.28360079588058E-04
   98     45     53     1.31389343708212E-16   1.28761556834048E-14
   98     46     52     1.31108183583719E-16   1.28486019912044E-14
   99     42     57     3.29443626162626E-09   3.26149189901000E-07
   99     43     56     7.00044357819542E-07   6.93043914241347E-05
   99     44     55     1.38289459487430E-06   1.36906564892556E-04
   99     45     54     1.03761141848295E-07   1.02723530429812E-05
   99     46     53     1.61196933568577E-15   1.59584964232891E-13
  100     42     58     5.37758189190738E-10   5.37758189190738E-08
  100     44     56     2.54851239570381E-06   2.54851239570381E-04
  100     45     55     8.38672721172796E-08   8.38672721172796E-06
  100     46     54     6.48807279818078E-07   6.48807279818078E-05
  101     43     58     3.41018049782508E-18   3.44428230280333E-16
  101     44     57     9.98550319401095E-07   1.00853582259511E-04
  101     45     56     6.03550927263147E-07   6.09586436535779E-05
  101     46     55     2.05391039162140E-07   2.07444949553762E-05
  101     47     54     2.21882180936171E-20   2.24101002745533E-18
  102     44     58     8.12839326806449E-07   8.29096113342578E-05
  102     45     57     1.06925732549958E-07   1.09064247200957E-05
  102     46     56     4.09717562388235E-06   4.17911913636000E-04
  102     47     55     7.04339335907596E-19   7.18426122625748E-17
  102     48     54     2.05631468602120E-20   2.09744097974163E-18
  103     44     59     2.30200716359577E-07   2.37106737850364E-05
  103     45     58     9.01541573694812E-07   9.28587820905656E-05
  103     46     57     8.58689516341744E-07   8.84450201831997E-05
  103     47     56     1.35115278445860E-10   1.39168736799236E-08
  103     48     55     1.03899759222164E-18   1.07016751998829E-16
  104     43     61     5.17419870900530E-17   5.38116665736552E-15
  104     44     60     7.58113255849081E-08   7.88437786083045E-06
  104     45     59     2.06305974338778E-18   2.14558213312329E-16
  104     46     58     7.02707237985708E-06   7.30815527505137E-04
  104     47     57     4.30645817411952E-09   4.47871650108430E-07
  104     48     56     3.79573872707067E-10   3.94756827615350E-08
  105     44     61     5.90969745951274E-09   6.20518233248838E-07
  105     45     60     1.19296762925183E-06   1.25261601071442E-04
  105     46     59     1.59062670884491E-06   1.67015804428715E-04
  105     47     58     2.71932516520735E-07   2.85529142346771E-05
  105     48     57     1.70179703958440E-10   1.78688689156362E-08
  106     44     62     3.67293966048972E-09   3.89331604011910E-07
  106     45     61     3.44404464939383E-15   3.65068732835746E-13
  106     46     60     4.14098631118431E-06   4.38944548985537E-04
  106     47     59     2.15348882184117E-14   2.28269815115164E-12
  106     48     58     2.56225172708030E-06   2.71598683070512E-04
  106     49     57     1.71259517304637E-20   1.81535088342915E-18
  107     45     62     6.04254437821947E-14   6.46552248469483E-12
  107     46     61     1.76324788513295E-06   1.88667523709226E-04
  107     47     60     7.92827880389840E-07   8.48325832017129E-05
  107     48     59     2.46556510993909E-07   2.63815466763483E-05
  107     49     58     1.76093129082654E-13   1.88419648118439E-11
  108     46     62     1.43885924776775E-06   1.55396798758918E-04
  108     47     61     1.22833271472262E-17   1.32659933190043E-15
  108     48     60     5.36789451606521E-06   5.79732607735043E-04
  108     49     59     7.58264777622524E-11   8.18925959832326E-09
  108     50     58     2.17500046676830E-19   2.34900050410977E-17
  109     46     63     3.99544822758068E-07   4.35503856806294E-05
  109     47     62     1.80572142422277E-06   1.96823635240282E-04
  109     48     61     9.92297955057669E-07   1.08160477101286E-04
  109     49     60     1.38597911968206E-08   1.51071724045345E-06
  109     50     59     4.88110719060688E-17   5.32040683776150E-15
  110     46     64     3.80481682148821E-07   4.18529850363703E-05
  110     47     63     2.00102613144382E-18   2.20112874458821E-16
  110     48     62     3.91302542409618E-06   4.30432796650580E-04
  110     49     61     6.96565786138788E-08   7.66222364752667E-06
  110     50     60     4.03327461742413E-08   4.43660207916654E-06
  111     46     65     2.08556676388425E-14   2.31497910791152E-12
  111     47     64     1.80831345443360E-06   2.00722793442130E-04
  111     48     63     7.55634586914717E-07   8.38754391475336E-05
  111     49     62     2.08905449146348E-07   2.31885048552447E-05
  111     50     61     5.23051804689927E-12   5.80587503205819E-10
  112     46     66     1.83577412403468E-08   2.05606701891884E-06
  112     47     65     1.33701101571901E-07   1.49745233760529E-05
  112     48     64     1.65102813455764E-06   1.84915151070456E-04
  112     49     63     1.28039416727242E-17   1.43404146734511E-15
  112     50     62     1.58385522019866E-06   1.77391784662250E-04
  113     47     66     3.85738271427400E-07   4.35884246712962E-05
  113     48     65     9.70872711154372E-07   1.09708616360444E-04
  113     49     64     1.61053450958159E-07   1.81990399582720E-05
  113     50     63     5.35958796983575E-07   6.05633440591440E-05
  114     48     66     5.08667158922221E-07   5.79880561171333E-05
  114     49     65     1.83306072939108E-18   2.08968923150583E-16
  114     50     64     1.84885152679074E-06   2.10769074054145E-04
  115     47     68     4.55742443213931E-15   5.24103809696021E-13
  115     48     67     3.53415125887758E-07   4.06427394770922E-05
  115     49     66     6.01170407177565E-07   6.91345968254200E-05
  115     50     65     5.15121269636249E-07   5.92389460081687E-05
  115     51     64     5.97616581214685E-16   6.87259068396888E-14
  116     48     68     6.55626680450414E-08   7.60526949322480E-06
  116     50     66     9.10611769261562E-07   1.05630965234341E-04
  116     51     65     1.21778791119012E-12   1.41263397698053E-10
  116     52     64     1.02920942030157E-11   1.19388292754983E-09
  117     48     69     3.81682804169887E-09   4.46568880878768E-07
  117     49     68     1.73345095353343E-09   2.02813761563411E-07
  117     50     67     9.71736139559702E-07   1.13693128328485E-04
  117     51     66     1.13058075375902E-10   1.32277948189805E-08
  117     52     65     1.94223272389879E-13   2.27241228696159E-11
  118     48     70     3.95168504627196E-12   4.66298835460091E-10
  118     49     69     6.55333698940542E-15   7.73293764749840E-13
  118     50     68     6.59298513298553E-07   7.77972245692292E-05
  118     51     67     9.70471990547147E-13   1.14515694884563E-10
  118     52     66     2.32626626207627E-09   2.74499418925000E-07
  119     50     69     1.07612607816293E-06   1.28059003301389E-04
  119     51     68     1.03017768961966E-08   1.22591145064739E-06
  119     52     67     1.07735386609343E-09   1.28205110065118E-07
  120     50     70     3.48197200192153E-07   4.17836640230584E-05
  120     51     69     1.48922757282404E-17   1.78707308738885E-15
  120     52     68     1.88996104359693E-08   2.26795325231631E-06
  120     53     67     7.09493429939232E-16   8.51392115927079E-14
  120     54     66     3.49733921972165E-18   4.19680706366599E-16
  121     50     71     4.40290931331091E-07   5.32752026910620E-05
  121     51     70     1.95932222154573E-07   2.37077988807034E-05
  121     52     69     1.63774325988541E-08   1.98166934446135E-06
  121     53     68     4.92243024026732E-15   5.95614059072345E-13
  121     54     67     1.14445947092195E-18   1.38479595981555E-16
  122     50     72     1.16009229523077E-07   1.41531260018154E-05
  122     51     71     7.72438424274292E-08   9.42374877614637E-06
  122     52     70     1.13699114949314E-07   1.38712920238163E-05
  122     53     69     1.18264034216290E-14   1.44282121743874E-12
  122     54     68     3.91593339658939E-12   4.77743874383906E-10
  123     50     73     7.94050502752940E-08   9.76682118386117E-06
  123     51     72     3.17856092159120E-07   3.90962993355718E-05
  123     52     71     1.59640965860049E-14   1.96358388007860E-12
  123     53     70     7.58541471618512E-12   9.33006010090770E-10
  123     54     69     2.15072534298513E-13   2.64539217187171E-11
  124     50     74     7.88908051690586E-09   9.78245984096327E-07
  124     51     73     9.05381631422100E-08   1.12267322296340E-05
  124     52     72     1.42504115297872E-07   1.76705102969361E-05
  124     53     71     4.76726039664538E-12   5.91140289184028E-10
  124     54     70     2.59528534139664E-10   3.21815382333183E-08
  125     50     75     1.87007605658964E-09   2.33759507073705E-07
  125     51     74     1.34961081924265E-07   1.68701352405332E-05
  125     52     73     3.42771662393111E-08   4.28464577991389E-06
  125     53     72     5.22863770549931E-10   6.53579713187414E-08
  125     54     71     2.27002384985095E-10   2.83752981231369E-08
  125     55     70     2.75745299798757E-20   3.44681624748447E-18
  126     50     76     6.59283146755504E-11   8.30696764911935E-09
  126     51     75     4.15835045587328E-08   5.23952157440033E-06
  126     52     74     3.67193408161597E-08   4.62663694283612E-06
  126     53     73     3.54732291675530E-10   4.46962687511168E-08
  126     54     72     6.71841637051208E-09   8.46520462684523E-07
  126     55     71     7.47169641752057E-19   9.41433748607592E-17
  126     56     70     4.48121432203390E-17   5.64633004576272E-15
  127     50     77     1.57360490829461E-13   1.99847823353415E-11
  127     51     76     1.79373581844694E-08   2.27804448942762E-06
  127     52     75     2.93943403071935E-09   3.73308121901357E-07
  127     53     74     1.08179110649330E-08   1.37387470524650E-06
  127     54     73     4.46683138304705E-09   5.67287585646976E-07
  127     55     72     1.21900818979718E-14   1.54814040104242E-12
  128     50     78     6.06010311258856E-17   7.75693198411336E-15
  128     51     77     1.10405691120999E-09   1.41319284634879E-07
  128     52     76     3.53304799452260E-09   4.52230143298893E-07
  128     53     75     4.63419522334645E-15   5.93176988588346E-13
  128     54     74     3.14418716202269E-08   4.02455956738904E-06
  128     55     73     4.90034970468094E-16   6.27244762199160E-14
  128     56     72     4.67281901577873E-13   5.98120834019678E-11
  129     51     78     9.55396217526523E-11   1.23246112060922E-08
  129     52     77     3.40926942278470E-11   4.39795755539227E-09
  129     53     76     3.49247496983386E-08   4.50529271108567E-06
  129     54     75     9.82566194819450E-09   1.26751039131709E-06
  129     55     74     2.25724485262284E-12   2.91184585988346E-10
  129     56     73     1.43758142612768E-14   1.85448003970471E-12
  130     51     79     1.10994173680733E-15   1.44292425784953E-13
  130     52     78     2.58404747371764E-11   3.35926171583293E-09
  130     53     77     1.36875771692993E-08   1.77938503200891E-06
  130     54     76     3.22818328710551E-08   4.19663827323717E-06
  130     55     75     1.92737013952181E-17   2.50558118137835E-15
  130     56     74     2.10407422799571E-11   2.73529649639442E-09
  131     51     80     6.45943201649731E-20   8.46185594161148E-18
  131     52     79     2.15497079306672E-18   2.82301173891741E-16
  131     53     78     2.72893139192498E-08   3.57490012342173E-06
  131     54     77     6.08495090948725E-09   7.97128569142829E-07
  131     55     76     1.58273026594281E-10   2.07337664838508E-08
  131     56     75     3.53090866669793E-11   4.62549035337429E-09
  131     57     74     1.22369203951759E-20   1.60303657176805E-18
  132     52     80     1.21443363900062E-14   1.60305240348082E-12
  132     53     79     4.65552311279251E-10   6.14529050888611E-08
  132     54     78     1.00343578084916E-08   1.32453523072089E-06
  132     55     77     1.83862393807979E-10   2.42698359826532E-08
  132     56     76     9.53841340753138E-10   1.25907056979414E-07
  132     57     75     3.27013176706686E-16   4.31657393252825E-14
  132     58     74     1.41417200456082E-16   1.86670704602028E-14
  133     53     80     1.41254933416091E-09   1.87869061443401E-07
  133     54     79     8.19482258253473E-10   1.08991140347712E-07
  133     55     78     3.44139034311515E-09   4.57704915634314E-07
  133     56     77     1.56726381554689E-09   2.08446087467736E-07
  133     57     76     1.47272559884982E-15   1.95872504647026E-13
  133     58     75     9.10946155355323E-17   1.21155838662258E-14
  134     53     81     1.07973731854225E-13   1.44684800684662E-11
  134     54     80     1.78618587879442E-10   2.39348907758452E-08
  134     55     79     3.99678154640564E-09   5.35568727218356E-07
  134     56     78     6.26146450126696E-09   8.39036243169772E-07
  134     57     77     2.50549678680989E-16   3.35736569432525E-14
  134     58     76     1.76485624610420E-13   2.36490736977962E-11
  135     53     82     2.21905652215828E-12   2.99572630491368E-10
  135     54     81     3.11311654351187E-12   4.20270733374102E-10
  135     55     80     1.47177620574214E-08   1.98689787775188E-06
  135     56     79     2.52366894094634E-09   3.40695307027756E-07
  135     57     78     3.73618814584792E-13   5.04385399689470E-11
  135     58     77     3.85069763071660E-13   5.19844180146741E-11
  136     54     82     6.68785336532171E-14   9.09548057683753E-12
  136     55     81     4.87452513942976E-09   6.62935418962447E-07
  136     56     80     5.09688192228936E-09   6.93175941431353E-07
  136     57     79     5.63905003457864E-20   7.66910804702695E-18
  136     58     78     2.00765448907638E-10   2.73041010514387E-08
  137     55     82     2.32182958976800E-09   3.18090653798216E-07
  137     56     81     7.68021406868698E-10   1.05218932741012E-07
  137     57     80     1.61667913329975E-10   2.21485041262066E-08
  137     58     79     4.71632681634728E-11   6.46136773839578E-09
  137     59     78     9.63703390229959E-18   1.32027364461504E-15
  138     55     83     6.66902189726347E-16   9.20325021822359E-14
  138     56     82     1.58003698000592E-10   2.18045103240818E-08
  138     57     81     1.21313399924552E-09   1.67412491895882E-07
  138     58     80     1.40955198840537E-09   1.94518174399941E-07
  138     59     79     2.18779719478932E-18   3.01916012880927E-16
  138     60     78     4.52937250097302E-16   6.25053405134276E-14
  139     56     83     3.80167913512703E-14   5.28433399782658E-12
  139     57     82     5.22650549338642E-09   7.26484263580713E-07
  139     58     81     1.21498195273173E-09   1.68882491429710E-07
  139     59     80     3.75906880480405E-14   5.22510563867763E-12
  139     60     79     4.48091418145393E-20   6.22847071222096E-18
  140     56     84     6.71206252587701E-14   9.39688753622781E-12
  140     57     83     3.23377263434526E-10   4.52728168808336E-08
  140     58     82     1.49505109515698E-09   2.09307153321977E-07
  140     59     81     6.11675154253014E-16   8.56345215954220E-14
  140     60     80     8.76220081076607E-13   1.22670811350725E-10
  141     57     84     3.87779962046118E-11   5.46769746485026E-09
  141     58     83     1.84754589508685E-10   2.60503971207246E-08
  141     59     82     4.51935717726348E-10   6.37229361994150E-08
  141     60     81     1.34668394257651E-13   1.89882435903288E-11
  142     57     85     4.29697033468972E-13   6.10169787525940E-11
  142     58     84     3.02328300556285E-11   4.29306186789925E-09
  142     59     83     9.67811499197107E-11   1.37429232885989E-08
  142     60     82     5.01187585368761E-10   7.11686371223641E-08
  142     61     81     2.51120013527804E-19   3.56590419209482E-17
  142     62     80     2.67208236000213E-17   3.79435695120303E-15
  143     58     85     6.71371075945462E-12   9.60060638602011E-10
  143     59     84     1.62348407173975E-10   2.32158222258784E-08
  143     60     83     6.88358968075431E-11   9.84353324347866E-09
  143     61     82     1.23118907617721E-13   1.76060037893341E-11
  144     58     86     6.87275306922175E-13   9.89676441967933E-11
  144     59     85     2.91063396573694E-17   4.19131291066120E-15
  144     60     84     1.41582537240826E-10   2.03878853626790E-08
  144     61     83     5.62547019128417E-14   8.10067707544921E-12
  144     62     82     2.29240222977269E-11   3.30105921087267E-09
  145     59     86     2.53714311512302E-11   3.67885751692837E-09
  145     60     85     5.52381878966853E-11   8.00953724501937E-09
  145     61     84     4.37144595719762E-13   6.33859663793655E-11
  145     62     83     2.12139587300952E-12   3.07602401586380E-10
  145     63     82     9.58277205760518E-19   1.38950194835275E-16
  146     59     87     5.34693114396087E-18   7.80651947018288E-16
  146     60     86     3.02285695795660E-11   4.41337115861664E-09
  146     61     85     1.14063595078136E-13   1.66532848814079E-11
  146     62     84     1.06081589297218E-11   1.54879120373938E-09
  146     63     83     9.71725336071187E-18   1.41871899066393E-15
  146     64     82     1.85518893340801E-15   2.70857584277570E-13
  147     60     87     3.16395735334930E-11   4.65101730942347E-09
  147     61     86     5.40634263400751E-12   7.94732367199104E-10
  147     62     85     3.04598156515412E-12   4.47759290077655E-10
  147     63     84     7.08879449134689E-17   1.04205279022799E-14
  147     64     83     4.05762174656169E-16   5.96470396744569E-14
  148     60     88     5.12613411749098E-12   7.58667849388666E-10
  148     61     87     9.84642865889828E-13   1.45727144151695E-10
  148     62     86     1.43948077296465E-11   2.13043154398769E-09
  148     63     85     2.89705039507739E-19   4.28763458471453E-17
  148     64     84     7.24630303125471E-15   1.07245284862570E-12
  149     60     89     9.18358109317688E-14   1.36835358288336E-11
  149     61     88     4.50144102001940E-12   6.70714711982890E-10
  149     62     87     2.08780756227728E-12   3.11083326779315E-10
  149     63     86     4.58812593818593E-17   6.83630764789704E-15
  149     64     85     1.56911398725459E-15   2.33797984100935E-13
  150     60     90     7.19366199097938E-13   1.07904929864691E-10
  150     61     89     1.37275599262791E-13   2.05913398894186E-11
  150     62     88     8.99417235975844E-12   1.34912585396377E-09
  150     63     87     3.05495675142529E-18   4.58243512713794E-16
  150     64     86     2.24235345341906E-14   3.36353018012858E-12
  151     61     90     1.36176149660848E-11   2.05625985987880E-09
  151     62     89     4.21324006334742E-12   6.36199249565460E-10
  151     63     88     3.61536985557029E-17   5.45920848191115E-15
  151     64     87     5.53507723809919E-15   8.35796662952978E-13
  152     62     90     1.61277567407534E-11   2.45141902459452E-09
  152     63     89     5.26836318988722E-18   8.00791204862858E-16
  152     64     88     2.80291054855392E-14   4.26042403380196E-12
  153     62     91     4.66479972889466E-11   7.13714358520883E-09
  153     63     90     6.42578403616450E-12   9.83144957533169E-10
  153     64     89     6.30631594094117E-15   9.64866338964000E-13
  154     62     92     2.62227665046082E-11   4.03830604170966E-09
  154     63     91     2.39304330060965E-16   3.68528668293887E-14
  154     64     90     5.74407312246696E-14   8.84587260859911E-12
  154     66     88     1.98537345296337E-20   3.05747511756359E-18
  155     62     93     3.90713046401630E-18   6.05605221922526E-16
  155     63     92     4.60622584943678E-11   7.13965006662701E-09
  155     64     91     3.19901073461473E-14   4.95846663865284E-12
  156     62     94     3.11209151842575E-12   4.85486276874417E-10
  156     63     93     2.98122400781382E-12   4.65070945218957E-10
  156     64     92     2.98939255214785E-13   4.66345238135065E-11
  156     66     90     8.08782551005058E-20   1.26170077956789E-17
  157     63     94     6.72603231233718E-12   1.05598707303694E-09
  157     64     93     3.42182386615485E-12   5.37226346986311E-10
  157     65     92     5.29387529234750E-19   8.31138420898557E-17
  157     66     91     4.28011089460791E-20   6.71977410453442E-18
  158     63     95     7.71724448674175E-16   1.21932462890520E-13
  158     64     94     3.73650852838758E-12   5.90368347485237E-10
  158     65     93     1.28604690886123E-18   2.03195411600074E-16
  158     66     92     8.08019396636149E-18   1.27667064668512E-15
  159     64     95     3.74092736566533E-12   5.94807451140788E-10
  159     65     94     1.38943410250310E-12   2.20920022297992E-10
  159     66     93     1.09016397023028E-17   1.73336071266615E-15
  160     64     96     4.00456858190164E-12   6.40730973104262E-10
  160     65     95     3.88580061764557E-17   6.21728098823291E-15
  160     66     94     2.78841781367202E-16   4.46146850187523E-14
  161     65     96     7.24394703869668E-12   1.16627547323017E-09
  161     66     95     2.68265487954051E-13   4.31907435606021E-11
  162     66     96     2.29391854714148E-12   3.71614804636920E-10
  163     65     98     1.93279862698357E-20   3.15046176198323E-18
  163     66     97     2.36711337812040E-12   3.85839480633625E-10
  163     67     96     2.03113283113650E-20   3.31074651475249E-18
  164     66     98     5.06310473926387E-13   8.30349177239275E-11
  164     68     96     4.34416217076059E-20   7.12442596004737E-18
  165     66     99     2.60081504492098E-14   4.29134482411962E-12
  165     67     98     3.20347641046038E-13   5.28573607725963E-11
  166     66    100     1.24660635237446E-13   2.06936654494160E-11
  166     67     99     8.60010265095306E-15   1.42761704005821E-12
  166     68     98     1.02531582303387E-15   1.70202426623622E-13
  167     67    100     1.28812389189937E-14   2.15116689947195E-12
  167     68     99     8.11119074439608E-14   1.35456885431415E-11
  168     68    100     2.89192380076549E-14   4.85843198528602E-12
  169     68    101     1.65878371524845E-14   2.80334447876987E-12
  169     69    100     4.46389088476795E-16   7.54397559525784E-14
  170     68    102     3.26311605980174E-15   5.54729730166296E-13
  171     68    103     1.53998062582216E-15   2.63336687015589E-13
  171     69    102     1.90292346684224E-15   3.25399912830023E-13
  171     70    101     3.88018203602233E-19   6.63511128159819E-17
  172     68    104     7.88637761397296E-16   1.35645694960335E-13
  172     69    103     9.86900137263247E-17   1.69746823609279E-14
  172     70    102     4.88935942534685E-18   8.40969821159658E-16
  173     69    104     4.95799969894627E-16   8.57733947917704E-14
  173     70    103     5.36223498255921E-16   9.27666651982744E-14
  174     70    104     2.00273772938135E-16   3.48476364912355E-14
  175     70    105     8.12791590230430E-17   1.42238528290325E-14
  175     71    104     4.82454657323331E-18   8.44295650315829E-16
  176     70    106     8.40340422790720E-18   1.47899914411167E-15
  177     70    107     7.57252179669583E-20   1.34033635801516E-17
  177     71    106     1.66222151465579E-18   2.94213208094075E-16
  177     72    105     4.63926196256750E-20   8.21149367374447E-18
  178     72    106     1.10881693831622E-19   1.97369415020288E-17
  179     71    108     1.23467641235011E-20   2.21007077810670E-18
  179     72    107     3.26800180337026E-20   5.84972322803276E-18
