# 1:A 2:Z 3:N 4:Yi 5:Xi
    1      0      1     6.04851006549887E-12   6.04851006549887E-12
    1      1      0     7.51690307916136E-01   7.51690307916136E-01
    2      1      1     7.29788487311583E-06   1.45957697462317E-05
    3      1      2     9.83420977713460E-07   2.95026293314038E-06
    3      2      1     1.19839828783822E-05   3.59519486351466E-05
    4      2      2     6.15332513399971E-02   2.46133005359988E-01
    6      3      3     7.10712627253044E-14   4.26427576351826E-13
    7      3      4     3.03926341221251E-09   2.12748438854876E-08
    7      4      3     1.10482903342265E-09   7.73380323395853E-09
    9      4      5     2.37639364187885E-13   2.13875427769097E-12
    9      6      3     3.32894855867320E-11   2.99605370280588E-10
   10      4      6     2.36464916106243E-14   2.36464916106243E-13
   10      5      5     1.72925261918346E-07   1.72925261918346E-06
   11      5      6     4.05256175492837E-06   4.45781793042121E-05
   11      6      5     6.42033977143641E-14   7.06237374858005E-13
   12      6      6     3.32518101873577E-06   3.99021722248293E-05
   13      6      7     1.72330517844842E-06   2.24029673198294E-05
   13      7      6     4.45489364122555E-18   5.79136173359322E-17
   14      6      8     5.71335974494657E-10   7.99870364292520E-09
   14      7      7     1.54094830833234E-05   2.15732763166528E-04
   15      7      8     8.35457971914257E-06   1.25318695787139E-04
   15      8      7     8.17877911465829E-19   1.22681686719874E-17
   15      9      6     3.62184123973882E-15   5.43276185960823E-14
   16      8      8     8.83895499923662E-06   1.41423279987786E-04
   16      9      7     1.88368550199116E-15   3.01389680318586E-14
   17      8      9     1.11655277483236E-06   1.89813971721501E-05
   18      8     10     4.24379159343038E-07   7.63882486817469E-06
   18      9      9     1.53006560987134E-08   2.75411809776842E-07
   19      9     10     2.63765954069584E-09   5.01155312732209E-08
   20     10     10     2.74973294997978E-08   5.49946589995955E-07
   21     10     11     2.00414375334588E-09   4.20870188202636E-08
   22     10     12     2.16525535964156E-09   4.76356179121143E-08
   22     11     11     1.04938382858631E-08   2.30864442288989E-07
   23     11     12     7.22717804710097E-09   1.66225095083322E-07
   24     11     13     2.30018093463286E-12   5.52043424311888E-11
   24     12     12     9.36506898204612E-09   2.24761655569107E-07
   25     12     13     3.19323816598661E-08   7.98309541496651E-07
   26     12     14     8.94186892557061E-09   2.32488592064836E-07
   26     13     13     3.35118200507111E-09   8.71307321318490E-08
   27     12     15     3.49159524459863E-20   9.42730716041629E-19
   27     13     14     6.25083526761525E-08   1.68772552225612E-06
   28     12     16     2.15443450006259E-14   6.03241660017524E-13
   28     13     15     3.84725627274675E-17   1.07723175636909E-15
   28     14     14     2.60845544402755E-07   7.30367524327713E-06
   29     13     16     1.32667410831626E-19   3.84735491411716E-18
   29     14     15     2.26801297150996E-07   6.57723761737888E-06
   30     14     16     3.17270783191639E-07   9.51812349574916E-06
   30     15     15     1.10518542641402E-19   3.31555627924207E-18
   31     14     17     2.66202950636634E-11   8.25229146973565E-10
   31     15     16     3.07879293064567E-07   9.54425808500157E-06
   32     14     18     2.89859772287431E-11   9.27551271319780E-10
   32     15     17     8.42833818517395E-11   2.69706821925566E-09
   32     16     16     3.54934910618647E-07   1.13579171397967E-05
   33     15     18     1.80698317638682E-09   5.96304448207650E-08
   33     16     17     2.30525691741302E-07   7.60734782746297E-06
   34     16     18     4.36933390089964E-07   1.48557352630588E-05
   35     16     19     1.53928178611904E-10   5.38748625141664E-09
   35     17     18     4.07226514307223E-07   1.42529280007528E-05
   36     16     20     1.82729296623053E-09   6.57825467842990E-08
   36     17     19     6.62746241969713E-11   2.38588647109097E-09
   36     18     18     1.91920546526120E-07   6.90913967494031E-06
   37     17     20     3.83650362504613E-08   1.41950634126707E-06
   37     18     19     3.08430242588351E-07   1.14119189757690E-05
   38     16     22     5.34114927222208E-17   2.02963672344439E-15
   38     17     21     1.82114894061640E-15   6.92036597434233E-14
   38     18     20     3.24675958310035E-07   1.23376864157813E-05
   38     19     19     3.57641981245095E-19   1.35903952873136E-17
   39     17     22     2.05631724674773E-16   8.01963726231615E-15
   39     18     21     3.54643815958039E-10   1.38311088223635E-08
   39     19     20     5.25301512509762E-07   2.04867589878807E-05
   40     18     22     1.63507306261564E-11   6.54029225046258E-10
   40     19     21     4.28913098460330E-09   1.71565239384132E-07
   40     20     20     1.20026231215696E-06   4.80104924862784E-05
   41     18     23     7.37357022251349E-15   3.02316379123053E-13
   41     19     22     5.43201957904628E-10   2.22712802740897E-08
   41     20     21     6.48474819863936E-08   2.65874676144214E-06
   42     18     24     2.59726009906814E-14   1.09084924160862E-12
   42     19     23     4.89776644509809E-12   2.05706190694120E-10
   42     20     22     4.77933021840134E-08   2.00731869172856E-06
   43     19     24     5.67991344410301E-13   2.44236278096429E-11
   43     20     23     6.59772774623417E-08   2.83702293088069E-06
   43     21     22     3.65807209534230E-09   1.57297100099719E-07
   44     19     25     2.42244760386186E-20   1.06587694569922E-18
   44     20     24     1.40897065050990E-08   6.19947086224357E-07
   44     21     23     3.42285215907408E-10   1.50605494999259E-08
   44     22     22     2.21764024681735E-07   9.75761708599632E-06
   45     20     25     4.39547657710729E-08   1.97796445969828E-06
   45     21     24     2.54815087881033E-08   1.14666789546465E-06
   45     22     23     1.92329722464433E-09   8.65483751089948E-08
   46     20     26     2.55554698178267E-09   1.17555161162003E-07
   46     21     25     3.29039876365741E-11   1.51358343128241E-09
   46     22     24     4.15394790586428E-08   1.91081603669757E-06
   47     20     27     2.49197591824961E-13   1.17122868157732E-11
   47     21     26     7.51367680743370E-11   3.53142809949384E-09
   47     22     25     6.44222285729104E-08   3.02784474292679E-06
   47     23     24     2.70263367160070E-14   1.27023782565233E-12
   48     20     28     7.40959343268565E-13   3.55660484768911E-11
   48     21     27     3.27768488637084E-13   1.57328874545800E-11
   48     22     26     6.24422534226588E-08   2.99722816428762E-06
   48     23     25     3.70912621842343E-08   1.78038058484325E-06
   48     24     24     6.37933395842720E-08   3.06208030004506E-06
   49     21     28     4.84993946511577E-17   2.37647033790673E-15
   49     22     27     3.45896165920821E-09   1.69489121301202E-07
   49     23     26     1.00091568392006E-07   4.90448685120832E-06
   49     24     25     2.74204038689646E-13   1.34359978957926E-11
   50     22     28     6.65921745810547E-11   3.32960872905274E-09
   50     23     27     9.70844552866686E-09   4.85422276433343E-07
   50     24     26     9.36146808467456E-08   4.68073404233728E-06
   51     23     28     4.18438171572152E-09   2.13403467501798E-07
   51     24     27     8.73614376034266E-08   4.45543331777476E-06
   51     25     26     9.57223707043109E-14   4.88184090591986E-12
   52     23     29     1.82311210525536E-20   9.48018294732788E-19
   52     24     28     1.12363598727508E-07   5.84290713383043E-06
   52     25     27     8.15437545126544E-08   4.24027523465803E-06
   52     26     26     1.65949983953003E-08   8.62939916555614E-07
   53     24     29     1.20461425024657E-07   6.38445552630683E-06
   53     25     28     6.92478933444288E-10   3.67013834725473E-08
   53     26     27     1.21778228415972E-19   6.45424610604654E-18
   54     24     30     1.02466700234138E-09   5.53320181264348E-08
   54     25     29     1.21450074173782E-08   6.55830400538420E-07
   54     26     28     1.24202875022553E-07   6.70695525121789E-06
   55     25     30     1.49155184179992E-09   8.20353512989953E-08
   55     26     29     1.21397954012969E-07   6.67688747071332E-06
   55     27     28     6.34001636433516E-10   3.48700900038434E-08
   56     25     31     3.35615709229995E-12   1.87944797168797E-10
   56     26     30     2.48381283181742E-07   1.39093518581775E-05
   56     27     29     3.40312502005087E-08   1.90575001122849E-06
   56     28     28     3.63856979436994E-07   2.03759908484717E-05
   57     26     31     5.74641105525624E-09   3.27545430149606E-07
   57     27     30     1.70349982619612E-07   9.70994900931786E-06
   57     28     29     8.32451812575928E-09   4.74497533168279E-07
   58     26     32     5.33886065051983E-09   3.09653917730150E-07
   58     27     31     1.73084356738731E-08   1.00388926908464E-06
   58     28     30     1.56566673086037E-07   9.08086703899013E-06
   59     26     33     3.71063467996692E-11   2.18927446118048E-09
   59     27     32     5.22468870708965E-09   3.08256633718289E-07
   59     28     31     8.03114483905476E-08   4.73837545504231E-06
   60     26     34     1.65282774788285E-10   9.91696648729713E-09
   60     27     33     7.40607268513455E-12   4.44364361108073E-10
   60     28     32     8.05767952609837E-08   4.83460771565902E-06
   60     29     31     4.76685947726284E-18   2.86011568635770E-16
   61     27     34     2.57405668948372E-13   1.57017458058507E-11
   61     28     33     4.57966243110402E-08   2.79359408297345E-06
   61     29     32     3.50868294527373E-10   2.14029659661697E-08
   62     28     34     3.60688531883101E-08   2.23626889767523E-06
   62     29     33     5.84789217878739E-11   3.62569315084818E-09
   62     30     32     3.27885109526200E-09   2.03288767906244E-07
   63     28     35     9.48299000303827E-10   5.97428370191411E-08
   63     29     34     6.69783136403827E-08   4.21963375934411E-06
   63     30     33     4.53783763870964E-14   2.85883771238707E-12
   64     28     36     2.12629273857482E-09   1.36082735268789E-07
   64     29     35     3.15802572008339E-09   2.02113646085337E-07
   64     30     34     6.81894788611703E-08   4.36412664711490E-06
   65     28     37     3.68516376148969E-13   2.39535644496830E-11
   65     29     36     6.87354857282768E-09   4.46780657233799E-07
   65     30     35     3.82885446019436E-08   2.48875539912633E-06
   65     31     34     3.09895526437614E-20   2.01432092184449E-18
   66     28     38     1.51129416685774E-10   9.97454150126110E-09
   66     29     37     2.35877211464766E-13   1.55678959566746E-11
   66     30     36     6.35200525742007E-08   4.19232346989725E-06
   66     31     35     1.12101239076380E-09   7.39868177904108E-08
   66     32     34     5.25233276532395E-11   3.46653962511381E-09
   67     29     38     1.31839993347225E-11   8.83327955426407E-10
   67     30     37     7.10891268708923E-09   4.76297150034979E-07
   67     31     36     2.73429142291153E-08   1.83197525335073E-06
   67     32     35     4.59527575490413E-19   3.07883475578577E-17
   68     30     38     1.66582798395226E-08   1.13276302908754E-06
   68     31     37     3.90455457913959E-11   2.65509711381492E-09
   68     32     36     3.51384156218914E-08   2.38941226228861E-06
   69     30     39     2.18980760979660E-13   1.51096725075965E-11
   69     31     38     2.62872123462228E-08   1.81381765188937E-06
   69     32     37     7.29055413637129E-09   5.03048235409619E-07
   70     30     40     2.07919775830547E-11   1.45543843081383E-09
   70     31     39     1.16258292664824E-16   8.13808048653768E-15
   70     32     38     4.88435643663940E-08   3.41904950564758E-06
   70     33     37     4.55027163539495E-13   3.18519014477646E-11
   70     34     36     1.03090468084940E-14   7.21633276594581E-13
   71     31     40     1.17533765618458E-09   8.34489735891049E-08
   71     32     39     1.70362353777499E-08   1.20957271182024E-06
   71     33     38     3.81917144283968E-09   2.71161172441618E-07
   72     30     42     1.96370885258926E-15   1.41387037386427E-13
   72     31     41     4.07575252736361E-11   2.93454181970180E-09
   72     32     40     1.98716196324299E-08   1.43075661353495E-06
   72     33     39     1.50504482675441E-09   1.08363227526318E-07
   72     34     38     1.74718631133237E-08   1.25797414415931E-06
   73     31     42     2.46776548431246E-12   1.80146880354810E-10
   73     32     41     1.51921746410046E-09   1.10902874879333E-07
   73     33     40     1.90537858060851E-08   1.39092636384421E-06
   73     34     39     1.48877951648135E-09   1.08680904703139E-07
   74     32     42     9.41761229859554E-10   6.96903310096070E-08
   74     33     41     7.35064533644710E-09   5.43947754897086E-07
   74     34     40     2.36644485014759E-08   1.75116918910922E-06
   74     35     39     1.54631385300414E-18   1.14427225122307E-16
   75     32     43     2.86361767904251E-13   2.14771325928188E-11
   75     33     42     6.25256575741953E-09   4.68942431806465E-07
   75     34     41     1.46179533313824E-08   1.09634649985368E-06
   75     35     40     9.83002342942553E-13   7.37251757206915E-11
   76     32     44     1.41009237878085E-09   1.07167020787344E-07
   76     33     43     8.51116915834203E-11   6.46848856033994E-09
   76     34     42     3.22721221222227E-08   2.45268128128893E-06
   76     35     41     5.93518539781676E-10   4.51074090234074E-08
   76     36     40     1.29110670068204E-09   9.81241092518348E-08
   77     32     45     9.53975536578004E-13   7.34561163165063E-11
   77     33     44     3.61322056533608E-10   2.78217983530878E-08
   77     34     43     7.57937489967029E-09   5.83611867274612E-07
   77     35     42     7.09981017859973E-09   5.46685383752179E-07
   77     36     41     7.67411026152362E-12   5.90906490137319E-10
   78     32     46     6.16863892806580E-17   4.81153836389132E-15
   78     33     45     5.14879270972217E-13   4.01605831358329E-11
   78     34     44     1.99626041326521E-08   1.55708312234686E-06
   78     35     43     3.19521763671969E-20   2.49226975664136E-18
   78     36     42     1.49133964808106E-08   1.16324492550322E-06
   79     34     45     1.07999911700805E-08   8.53199302436359E-07
   79     35     44     1.37425148028599E-09   1.08565866942594E-07
   79     36     43     5.49999423997910E-09   4.34499544958349E-07
   79     37     42     2.95633423010998E-19   2.33550404178688E-17
   80     34     46     7.36420998127073E-10   5.89136798501658E-08
   80     35     45     4.62446782796578E-18   3.69957426237262E-16
   80     36     44     3.61407839038328E-08   2.89126271230662E-06
   80     37     43     7.24782357236377E-14   5.79825885789102E-12
   80     38     42     1.37722016060259E-11   1.10177612848208E-09
   81     34     47     1.85506868805594E-20   1.50260563732531E-18
   81     35     46     5.20840095836479E-09   4.21880477627548E-07
   81     36     45     1.78995867573731E-08   1.44986652734722E-06
   81     37     44     7.09620728021987E-10   5.74792789697810E-08
   81     38     43     2.71579165462767E-17   2.19979124024841E-15
   82     34     48     2.91714148627026E-13   2.39205601874161E-11
   82     35     47     6.15360420818911E-10   5.04595545071507E-08
   82     36     46     2.93218234406381E-08   2.40438952213233E-06
   82     37     45     1.53271475675852E-13   1.25682610054199E-11
   82     38     44     4.44560299560012E-09   3.64539445639210E-07
   83     35     48     1.37226998919101E-11   1.13898409102853E-09
   83     36     47     2.85174618811116E-09   2.36694933613226E-07
   83     37     46     1.43186204189702E-08   1.18844549477453E-06
   83     38     45     5.93615829564647E-09   4.92701138538657E-07
   84     35     49     9.02447843466691E-17   7.58056188512020E-15
   84     36     48     1.70751687039329E-09   1.43431417113036E-07
   84     37     47     6.13657327748640E-09   5.15472155308858E-07
   84     38     46     3.80170996681092E-08   3.19343637212118E-06
   84     39     45     1.11154733411739E-15   9.33699760658605E-14
   84     40     44     2.56579443158128E-18   2.15526732252827E-16
   85     36     49     6.26357485900000E-11   5.32403863015000E-09
   85     37     48     1.54035949520058E-08   1.30930557092049E-06
   85     38     47     1.58829879183258E-08   1.35005397305769E-06
   85     39     46     9.30031655996890E-12   7.90526907597356E-10
   86     36     50     2.07649136801040E-12   1.78578257648895E-10
   86     37     49     3.53200723639910E-09   3.03752622330322E-07
   86     38     48     4.19067531905722E-08   3.60398077438921E-06
   86     39     47     3.63868295137724E-10   3.12926733818443E-08
   86     40     46     7.85555861772741E-10   6.75578041124557E-08
   87     36     51     2.68322885017677E-17   2.33440909965379E-15
   87     37     50     5.73029582677922E-10   4.98535736929792E-08
   87     38     49     5.46599725360742E-09   4.75541761063845E-07
   87     39     48     6.79327934290965E-09   5.91015302833139E-07
   87     40     47     2.20863113728427E-11   1.92150908943731E-09
   88     36     52     4.02358535783986E-18   3.54075511489908E-16
   88     37     51     4.79373153961353E-19   4.21848375485991E-17
   88     38     50     1.37237950992799E-09   1.20769396873663E-07
   88     39     49     6.44741605618759E-09   5.67372612944508E-07
   88     40     48     1.55233154538855E-08   1.36605175994192E-06
   89     38     51     1.24870689115776E-11   1.11134913313041E-09
   89     39     50     3.75774703970000E-08   3.34439486533300E-06
   89     40     49     1.71482204700666E-08   1.52619162183593E-06
   89     41     48     1.74189714501392E-13   1.55028845906239E-11
   90     38     52     2.66140604976093E-13   2.39526544478484E-11
   90     39     51     9.49926724810527E-10   8.54934052329474E-08
   90     40     50     7.05776011783182E-08   6.35198410604864E-06
   90     41     49     1.82949079962987E-10   1.64654171966689E-08
   90     42     48     6.99667572602888E-11   6.29700815342599E-09
   91     38     53     2.44661498098947E-15   2.22641963270042E-13
   91     39     52     2.85531744639185E-10   2.59833887621658E-08
   91     40     51     3.42911646070321E-09   3.12049597923992E-07
   91     41     50     2.23973092275268E-08   2.03815513970494E-06
   91     42     49     5.66381371414292E-19   5.15407047987005E-17
   92     38     54     1.46874988388835E-17   1.35124989317728E-15
   92     39     53     3.11945576017085E-12   2.86989929935719E-10
   92     40     52     3.79294879157751E-10   3.48951288825131E-08
   92     41     51     2.07140619302271E-08   1.90569369758089E-06
   92     42     50     6.40938738808008E-08   5.89663639703368E-06
   93     39     54     2.32426903651860E-12   2.16157020396230E-10
   93     40     53     1.59880473289474E-11   1.48688840159211E-09
   93     41     52     2.86036224328322E-08   2.66013688625339E-06
   93     42     51     1.81579548880161E-08   1.68868980458549E-06
   93     43     50     1.28019178327633E-10   1.19057835844699E-08
   94     40     54     1.72862411324277E-12   1.62490666644820E-10
   94     41     53     8.97765427513394E-09   8.43899501862591E-07
   94     42     52     3.40008856900803E-08   3.19608325486754E-06
   94     43     51     3.89147761038612E-09   3.65798895376295E-07
   94     44     50     7.93814021820052E-12   7.46185180510849E-10
   95     40     55     7.45093162928209E-14   7.07838504781798E-12
   95     41     54     3.91873256842442E-09   3.72279594000320E-07
   95     42     53     9.94749371060049E-09   9.45011902507046E-07
   95     43     52     1.27672632125158E-08   1.21289000518900E-06
   95     44     51     1.90600230864776E-10   1.81070219321537E-08
   96     40     56     4.32017235827944E-15   4.14736546394826E-13
   96     41     55     6.50443371185194E-10   6.24425636337786E-08
   96     42     54     4.53066181609188E-09   4.34943534344820E-07
   96     43     53     7.69159658605441E-09   7.38393272261224E-07
   96     44     52     6.00494546700370E-08   5.76474764832355E-06
   97     40     57     6.67996470575304E-17   6.47956576458045E-15
   97     41     56     2.83885383799605E-12   2.75368822285616E-10
   97     42     55     9.84711283551027E-10   9.55169945044496E-08
   97     43     54     2.04282181565643E-08   1.98153716118674E-06
   97     44     53     1.17204454171149E-08   1.13688320546014E-06
   97     45     52     4.51983538036981E-16   4.38424031895872E-14
   98     42     56     3.18438300187004E-10   3.12069534183264E-08
   98     43     55     1.61004227949728E-08   1.57784143390734E-06
   98     44     54     8.68884724647394E-08   8.51507030154446E-06
   98     45     53     6.91532828243844E-19   6.77702171678968E-17
   98     46     52     6.93283827637855E-19   6.79418151085098E-17
   99     42     57     3.92937020669848E-11   3.89007650463149E-09
   99     43     56     1.82407236384317E-08   1.80583164020474E-06
   99     44     55     2.31776443818295E-08   2.29458679380112E-06
   99     45     54     1.09983073677135E-09   1.08883242940364E-07
   99     46     53     9.24434296431867E-18   9.15189953467549E-16
  100     42     58     9.51436060376839E-12   9.51436060376839E-10
  100     44     56     4.84134286364613E-08   4.84134286364613E-06
  100     45     55     9.75674256334647E-10   9.75674256334647E-08
  100     46     54     3.75373695623895E-09   3.75373695623895E-07
  101     43     58     8.55584100679536E-20   8.64139941686331E-18
  101     44     57     2.30631039890114E-08   2.32937350289015E-06
  101     45     56     8.18064338195264E-09   8.26244981577217E-07
  101     46     55     1.16615238895015E-09   1.17781391283965E-07
  102     44     58     2.05127945301477E-08   2.09230504207506E-06
  102     45     57     2.03713219930985E-09   2.07787484329605E-07
  102     46     56     1.97201865499502E-08   2.01145902809492E-06
  103     44     59     6.81973283836428E-09   7.02432482351521E-07
  103     45     58     1.53986753958075E-08   1.58606356576817E-06
  103     46     57     6.08644698264445E-09   6.26904039212378E-07
  103     47     56     1.36238683236154E-13   1.40325843733239E-11
  104     43     61     1.27117593132219E-18   1.32202296857508E-16
  104     44     60     3.18227802983859E-09   3.30956915103213E-07
  104     45     59     2.13490149277037E-20   2.22029755248118E-18
  104     46     58     5.51821542467673E-08   5.73894404166380E-06
  104     47     57     1.71301282711094E-12   1.78153334019537E-10
  104     48     56     1.42973329665784E-13   1.48692262852416E-11
  105     44     61     2.67821506669568E-10   2.81212582003046E-08
  105     45     60     2.47021999396287E-08   2.59373099366101E-06
  105     46     59     1.48845124744069E-08   1.56287380981273E-06
  105     47     58     3.65816386040303E-10   3.84107205342318E-08
  105     48     57     6.29368078785819E-14   6.60836482725109E-12
  106     44     62     3.23146219850207E-10   3.42534993041219E-08
  106     45     61     3.03007282214037E-16   3.21187719146880E-14
  106     46     60     6.37129882166380E-08   6.75357675096362E-06
  106     47     59     6.23660583159947E-17   6.61080218149544E-15
  106     48     58     1.36942786384510E-09   1.45159353567580E-07
  107     45     62     1.72934747273139E-15   1.85040179582259E-13
  107     46     61     4.35300242142019E-08   4.65771259091960E-06
  107     47     60     2.05301452896161E-09   2.19672554598893E-07
  107     48     59     1.50943900023674E-10   1.61509973025331E-08
  107     49     58     1.43008662649411E-18   1.53019269034870E-16
  108     46     62     5.33218881691596E-08   5.75876392226924E-06
  108     47     61     1.15871324578194E-19   1.25141030544450E-17
  108     48     60     9.28909074152958E-09   1.00322180008520E-06
  108     49     59     8.06951031416872E-16   8.71507113930222E-14
  109     46     63     2.22742262226569E-08   2.42789065826960E-06
  109     47     62     3.66486246841003E-08   3.99470009056693E-06
  109     48     61     1.74467056920417E-09   1.90169092043255E-07
  109     49     60     5.10022377308215E-13   5.55924391265954E-11
  110     46     64     4.12287581856777E-08   4.53516340042455E-06
  110     47     63     2.43190712356035E-20   2.67509783591638E-18
  110     48     62     3.16667527350206E-08   3.48334280085227E-06
  110     49     61     2.25835205376764E-12   2.48418725914440E-10
  110     50     60     1.14942616314077E-12   1.26436877945485E-10
  111     46     65     3.17023867845214E-15   3.51896493308188E-13
  111     47     64     4.30766158057191E-08   4.78150435443482E-06
  111     48     63     7.54225382419196E-09   8.37190174485308E-07
  111     49     62     2.07630073736511E-11   2.30469381847527E-09
  111     50     61     1.25348872364962E-16   1.39137248325108E-14
  112     46     66     7.65931674347884E-09   8.57843475269630E-07
  112     47     65     3.37779138440957E-09   3.78312635053871E-07
  112     48     64     4.69361745465679E-08   5.25685154921561E-06
  112     49     63     2.40525091085116E-20   2.69388102015330E-18
  112     50     62     2.40036870169094E-10   2.68841294589385E-08
  113     47     66     1.40902226648353E-08   1.59219516112639E-06
  113     48     65     3.91268481143998E-08   4.42133383692718E-06
  113     49     64     4.58363305683306E-10   5.17950535422135E-08
  113     50     63     7.64028863918836E-11   8.63352616228285E-09
  114     48     66     6.68029417868835E-08   7.61553536370471E-06
  114     49     65     1.29085080391381E-20   1.47156991646174E-18
  114     50     64     3.00151794843978E-09   3.42173046122135E-07
  115     47     68     4.91136088535389E-16   5.64806501815697E-14
  115     48     67     5.35074597389015E-08   6.15335786997367E-06
  115     49     66     8.29627692284752E-09   9.54071846127465E-07
  115     50     65     1.49133280777370E-09   1.71503272893975E-07
  115     51     64     4.09207659011292E-19   4.70588807862986E-17
  116     48     68     4.67459392476083E-08   5.42252895272256E-06
  116     50     66     1.30546077225273E-08   1.51433449581317E-06
  116     51     65     2.59362838207275E-17   3.00860892320439E-15
  116     52     64     2.19199311542716E-16   2.54271201389550E-14
  117     48     69     2.20944423770090E-09   2.58504975811006E-07
  117     49     68     8.97307144339536E-10   1.04984935887726E-07
  117     50     67     3.19919082890376E-08   3.74305326981740E-06
  117     51     66     1.35848047340855E-13   1.58942215388801E-11
  117     52     65     5.41819071268265E-18   6.33928313383870E-16
  118     48     70     1.16697834338585E-11   1.37703444519531E-09
  118     49     69     1.93527622198297E-14   2.28362594193990E-12
  118     50     68     4.83745551413203E-08   5.70819750667580E-06
  118     51     67     8.61961606271947E-17   1.01711469540090E-14
  118     52     66     2.06603390029612E-13   2.43792000234943E-11
  119     50     69     3.61149100063053E-08   4.29767429075033E-06
  119     51     68     2.46867324940036E-11   2.93772116678642E-09
  119     52     67     1.10264349736444E-13   1.31214576186368E-11
  120     50     70     5.39134411503781E-08   6.46961293804537E-06
  120     51     69     3.98284548620689E-19   4.77941458344827E-17
  120     52     68     7.17212530138973E-12   8.60655036166768E-10
  121     50     71     5.02225511814211E-08   6.07692869295195E-06
  121     51     70     1.36322980742671E-08   1.64950806698632E-06
  121     52     69     6.89779208002690E-12   8.34632841683255E-10
  121     53     68     3.43702542912315E-18   4.15880076923902E-16
  122     50     72     6.03631883575496E-08   7.36430897962105E-06
  122     51     71     1.28893486877464E-09   1.57250053990506E-07
  122     52     70     5.62535162229552E-10   6.86292897920053E-08
  122     53     69     9.63774554767748E-20   1.17580495681665E-17
  122     54     68     3.19119156008105E-17   3.89325370329888E-15
  123     50     73     6.70343751611317E-08   8.24522814481919E-06
  123     51     72     1.17771501607325E-08   1.44858946977009E-06
  123     52     71     1.80457755442614E-17   2.21963039194416E-15
  123     53     70     8.55347730990424E-15   1.05207770911822E-12
  123     54     69     6.06850837485184E-18   7.46426530106777E-16
  124     50     74     3.63558011385897E-08   4.50811934118512E-06
  124     51     73     5.52534226951763E-09   6.85142441420186E-07
  124     52     72     7.81259396886683E-09   9.68761652139487E-07
  124     53     71     2.00368045900923E-14   2.48456376917144E-12
  124     54     70     1.38943303617203E-14   1.72289696485332E-12
  125     50     75     2.04405992804690E-08   2.55507491005862E-06
  125     51     74     2.23116712786335E-08   2.78895890982919E-06
  125     52     73     3.45437633170794E-09   4.31797041463493E-07
  125     53     72     2.41687620878695E-12   3.02109526098369E-10
  125     54     71     1.58622148231070E-14   1.98277685288838E-12
  126     50     76     4.21945077434540E-09   5.31650797567520E-07
  126     51     75     1.54550103224644E-08   1.94733130063052E-06
  126     52     74     3.27185444490887E-08   4.12253660058517E-06
  126     53     73     3.91109634452126E-12   4.92798139409679E-10
  126     54     72     3.75833590549802E-12   4.73550324092750E-10
  127     50     77     5.32048152565971E-11   6.75701153758783E-09
  127     51     76     3.63775636981788E-08   4.61995058966870E-06
  127     52     75     7.32833018573527E-09   9.30697933588379E-07
  127     53     74     5.94450238588706E-09   7.54951803007657E-07
  127     54     73     3.09745212952460E-12   3.93376420449624E-10
  127     55     72     1.32018289931998E-17   1.67663228213637E-15
  128     50     78     1.36249836470521E-13   1.74399790682267E-11
  128     51     77     8.28955544074700E-09   1.06106309641562E-06
  128     52     76     5.92630383403906E-08   7.58566890756999E-06
  128     53     75     1.81784414395718E-16   2.32684050426519E-14
  128     54     74     5.43916784302174E-10   6.96213483906782E-08
  128     56     72     8.76816203869720E-18   1.12232474095324E-15
  129     51     78     5.05344427291416E-09   6.51894311205927E-07
  129     52     77     1.88459361304086E-09   2.43112576082271E-07
  129     53     76     3.63709052277225E-08   4.69184677437620E-06
  129     54     75     1.51276436678144E-10   1.95146603314805E-08
  129     55     74     9.98532319499631E-15   1.28810669215452E-12
  129     56     73     2.07429639530727E-18   2.67584234994638E-16
  130     51     79     3.56280823368191E-13   4.63165070378649E-11
  130     52     78     4.51461682826140E-08   5.86900187673982E-06
  130     53     77     2.61873919492795E-09   3.40436095340634E-07
  130     54     76     6.02229953554434E-09   7.82898939620764E-07
  130     55     75     1.28394463693878E-19   1.66912802802041E-17
  130     56     74     4.66588106681811E-15   6.06564538686354E-13
  131     51     80     1.66702923250668E-16   2.18380829458375E-14
  131     52     79     8.50760664631852E-15   1.11449647066773E-12
  131     53     78     2.84152345541177E-08   3.72239572658941E-06
  131     54     77     3.84545907510297E-09   5.03755138838489E-07
  131     55     76     2.35619226718542E-12   3.08661187001290E-10
  131     56     75     1.77710404536329E-14   2.32800629942591E-12
  132     52     80     2.97112149454109E-09   3.92188037279424E-07
  132     53     79     1.37752784297207E-09   1.81833675272313E-07
  132     54     78     4.42929079113073E-08   5.84666384429256E-06
  132     55     77     3.59605143807454E-12   4.74678789825839E-10
  132     56     76     1.20702482229429E-12   1.59327276542847E-10
  132     57     75     2.25105302026005E-18   2.97138998674327E-16
  132     58     74     6.10529439335553E-19   8.05898859922930E-17
  133     53     80     2.82176199849741E-08   3.75294345800155E-06
  133     54     79     2.58344208382007E-08   3.43597797148069E-06
  133     55     78     1.32319738407874E-09   1.75985252082472E-07
  133     56     77     3.71776345675182E-12   4.94462539747992E-10
  133     57     76     3.09314455494982E-17   4.11388225808326E-15
  133     58     75     6.27208374064624E-19   8.34187137505950E-17
  134     52     82     3.79149869254522E-15   5.08060824801059E-13
  134     53     81     1.93669725155952E-11   2.59517431708975E-09
  134     54     80     7.78220811197169E-08   1.04281588700421E-05
  134     55     79     5.00164592712829E-10   6.70220554235191E-08
  134     56     78     2.83899579263293E-10   3.80425436212812E-08
  134     57     77     1.74373149305953E-18   2.33660020069976E-16
  134     58     76     1.22822066591129E-15   1.64581569232113E-13
  135     53     82     3.06719821990256E-09   4.14071759686846E-07
  135     54     81     1.32412367548008E-08   1.78756696189810E-06
  135     55     80     1.95411954769091E-08   2.63806138938273E-06
  135     56     79     2.84315322387326E-10   3.83825685222890E-08
  135     57     78     1.42913578512169E-13   1.92933330991429E-11
  135     58     77     7.77193740244504E-15   1.04921154933008E-12
  136     54     82     1.24430408802907E-08   1.69225355971953E-06
  136     55     81     8.54511360225708E-09   1.16213544990696E-06
  136     56     80     1.36346699508847E-08   1.85431511332032E-06
  136     57     79     5.67674552637638E-20   7.72037391587187E-18
  136     58     78     2.00619551920520E-12   2.72842590611908E-10
  137     55     82     7.26701137228908E-08   9.95580558003603E-06
  137     56     81     2.15529404056308E-08   2.95275283557141E-06
  137     57     80     2.61210568666616E-11   3.57858479073264E-09
  137     58     79     2.90369736466280E-12   3.97806538958804E-10
  137     59     78     1.77312170925753E-17   2.42917674168281E-15
  138     55     83     9.67629961677415E-14   1.33532934711483E-11
  138     56     82     1.11795059095184E-07   1.54277181551354E-05
  138     57     81     5.47120967091311E-10   7.55026934586009E-08
  138     58     80     1.48740154881269E-10   2.05261413736152E-08
  138     59     79     2.69683661330100E-18   3.72163452635538E-16
  138     60     78     5.58331991533924E-16   7.70498148316815E-14
  139     56     83     1.10103400904341E-10   1.53043727257035E-08
  139     57     82     3.50800524522030E-08   4.87612729085622E-06
  139     58     81     1.00938589810088E-09   1.40304639836023E-07
  139     59     80     9.20604680194033E-14   1.27964050546971E-11
  139     60     79     6.31589355431146E-20   8.77909204049293E-18
  140     56     84     3.30267883928627E-09   4.62375037500078E-07
  140     57     83     4.74002104184433E-09   6.63602945858206E-07
  140     58     82     1.06192051868957E-07   1.48668872616540E-05
  140     59     81     3.52115725736828E-16   4.92962016031559E-14
  140     60     80     5.04386060528053E-13   7.06140484739274E-11
  141     56     85     7.96406509582069E-19   1.12293317851072E-16
  141     57     84     1.82934016265801E-09   2.57936962934779E-07
  141     58     83     2.65293119231314E-08   3.74063298116153E-06
  141     59     82     1.59005723465842E-09   2.24198070086838E-07
  141     60     81     1.06013879838914E-13   1.49479570572868E-11
  142     57     85     6.93922178080001E-11   9.85369492873601E-09
  142     58     84     5.78542319718066E-08   8.21530093999654E-06
  142     59     83     4.12645286247351E-10   5.85956306471238E-08
  142     60     82     1.22324385140344E-09   1.73700626899288E-07
  142     62     80     1.15840160378615E-20   1.64493027737633E-18
  143     57     86     6.32600738903938E-20   9.04619056632631E-18
  143     58     85     2.67810143880083E-08   3.82968505748519E-06
  143     59     84     6.36190288214647E-09   9.09752112146945E-07
  143     60     83     2.89934278053098E-10   4.14606017615930E-08
  143     61     82     7.98596536773540E-15   1.14199304758616E-12
  144     58     86     5.75283977456774E-08   8.28408927537754E-06
  144     59     85     2.43212783244893E-12   3.50226407872646E-10
  144     60     84     1.36946466803366E-09   1.97202912196846E-07
  144     61     83     4.41497396645089E-15   6.35756251168929E-13
  144     62     82     1.39252057796568E-14   2.00522963227058E-12
  145     59     86     4.68989663388227E-09   6.80035011912929E-07
  145     60     85     8.43965019820637E-09   1.22374927873992E-06
  145     61     84     3.16159217025320E-14   4.58430864686714E-12
  145     62     83     1.36272414637194E-15   1.97595001223932E-13
  146     58     88     3.96879679067547E-20   5.79444331438618E-18
  146     59     87     1.32990418295423E-14   1.94166010711317E-12
  146     60     86     2.30673939855357E-08   3.36783952188821E-06
  146     61     85     7.89689672652038E-15   1.15294692207197E-12
  146     62     84     6.89674725485825E-15   1.00692509920930E-12
  147     59     88     2.21494174378749E-20   3.25596436336761E-18
  147     60     87     1.41960914108547E-08   2.08682543739564E-06
  147     61     86     3.19119683908381E-10   4.69105935345320E-08
  147     62     85     4.34276159254342E-14   6.38385954103882E-12
  148     60     88     1.18132408377597E-08   1.74835964398844E-06
  148     61     87     1.02175168893694E-13   1.51219249962666E-11
  148     62     86     3.29527791282918E-14   4.87701131098719E-12
  149     60     89     4.41181770753872E-10   6.57360838423270E-08
  149     61     88     1.30257432877491E-08   1.94083574987462E-06
  149     62     87     1.15085047954617E-09   1.71476721452380E-07
  149     63     86     3.29526533514389E-19   4.90994534936439E-17
  150     60     90     2.73572370546998E-08   4.10358555820497E-06
  150     61     89     5.36494744510154E-14   8.04742116765231E-12
  150     62     88     4.99202891489475E-13   7.48804337234213E-11
  150     63     87     1.26372823111194E-18   1.89559234666791E-16
  151     61     90     3.88194408001005E-08   5.86173556081517E-06
  151     62     89     8.92175957666852E-09   1.34718569607695E-06
  151     63     88     3.43712367826572E-14   5.19005675418123E-12
  152     62     90     8.02261398983715E-08   1.21943732645525E-05
  152     63     89     1.34838203505869E-16   2.04954069328921E-14
  152     64     88     6.83055299086055E-20   1.03824405461080E-17
  153     62     91     3.13694054692785E-08   4.79951903679960E-06
  153     63     90     4.31180961732636E-09   6.59706871450933E-07
  153     64     89     1.00802861972148E-18   1.54228378817387E-16
  154     62     92     3.56667649155737E-08   5.49268179699835E-06
  154     63     91     5.88637211724497E-15   9.06501306055725E-13
  154     64     90     6.10013065930917E-17   9.39420121533612E-15
  155     62     93     2.57290315337939E-15   3.98799988773805E-13
  155     63     92     3.02338737782293E-08   4.68625043562555E-06
  155     64     91     4.12743224589682E-12   6.39751998114008E-10
  155     65     90     5.34957993952578E-19   8.29184890626495E-17
  156     62     94     3.16609932969748E-09   4.93911495432807E-07
  156     63     93     2.85207158227198E-09   4.44923166834429E-07
  156     64     92     2.64326205567999E-11   4.12348880686079E-09
  156     65     91     2.36869987361858E-18   3.69517180284498E-16
  157     63     94     2.92335846963005E-08   4.58967279731918E-06
  157     64     93     1.39995562380564E-08   2.19793032937486E-06
  157     65     92     8.26387499534787E-17   1.29742837426962E-14
  157     66     91     2.08570846834085E-20   3.27456229529513E-18
  158     63     95     3.03767442966640E-11   4.79952559887292E-09
  158     64     94     7.60137943546797E-08   1.20101795080394E-05
  158     65     93     4.07963708347066E-16   6.44582659188364E-14
  158     66     92     1.63195723653391E-17   2.57849243372357E-15
  159     63     96     8.24845736937102E-17   1.31150472172999E-14
  159     64     95     3.05692091014706E-08   4.86050424713383E-06
  159     65     94     1.11924147794713E-08   1.77959394993593E-06
  159     66     93     1.14587923225139E-16   1.82194797927971E-14
  160     64     96     4.18355726841387E-08   6.69369162946220E-06
  160     65     95     1.39616695477952E-14   2.23386712764723E-12
  160     66     94     1.09829221271643E-15   1.75726754034630E-13
  161     65     96     1.32854112433404E-08   2.13895121017780E-06
  161     66     95     4.91399982902820E-10   7.91153972473541E-08
  161     67     94     1.22072822189338E-18   1.96537243724834E-16
  162     66     96     1.99469542113075E-08   3.23140658223182E-06
  162     67     95     1.62185113564477E-19   2.62739883974453E-17
  162     68     94     5.18433489180129E-20   8.39862252471808E-18
  163     65     98     3.18991130124225E-16   5.19955542102487E-14
  163     66     97     3.88202003685186E-08   6.32769266006854E-06
  163     67     96     3.17182854267566E-16   5.17008052456132E-14
  163     68     95     1.32426523380798E-19   2.15855233110701E-17
  164     66     98     5.69925157011253E-08   9.34677257498454E-06
  164     67     97     3.24060066260344E-18   5.31458508666965E-16
  164     68     96     5.77920871397113E-16   9.47790229091266E-14
  165     66     99     3.53159493623406E-09   5.82713164478620E-07
  165     67     98     4.33389031764287E-08   7.15091902411074E-06
  165     68     97     4.40469258832116E-16   7.26774277072991E-14
  165     69     96     8.80602726160659E-20   1.45299449816509E-17
  166     66    100     2.68822976695281E-08   4.46246141314167E-06
  166     67     99     1.85191484863501E-09   3.07417864873412E-07
  166     68     98     2.20040657261307E-10   3.65267491053769E-08
  166     69     97     3.08649240419637E-19   5.12357739096598E-17
  167     67    100     3.28977434885220E-09   5.49392316258318E-07
  167     68     99     2.07065011590259E-08   3.45798569355733E-06
  167     69     98     9.01114523673610E-18   1.50486125453493E-15
  168     68    100     4.81454428754507E-08   8.08843440307571E-06
  168     69     99     3.52104971270187E-17   5.91536351733914E-15
  168     70     98     4.18928776099788E-19   7.03800343847643E-17
  169     68    101     6.62049156203181E-08   1.11886307398338E-05
  169     69    100     1.78118269994782E-09   3.01019876291182E-07
  169     70     99     5.09016057020970E-18   8.60237136365439E-16
  170     68    102     7.36448161870200E-08   1.25196187517934E-05
  170     69    101     8.55194262873095E-15   1.45383024688426E-12
  170     70    100     3.62156859424632E-16   6.15666661021874E-14
  171     68    103     1.20317118473219E-08   2.05742272589205E-06
  171     69    102     1.48656071939892E-08   2.54201883017216E-06
  171     70    101     3.03132902697500E-12   5.18357263612725E-10
  171     71    100     1.43328560026092E-19   2.45091837644618E-17
  172     68    104     2.25949097162955E-08   3.88632447120283E-06
  172     69    103     2.82865812007242E-09   4.86529196652456E-07
  172     70    102     1.40023377469449E-10   2.40840209247453E-08
  172     71    101     7.41063239272827E-19   1.27462877154926E-16
  172     72    100     1.81067526416268E-20   3.11436145435981E-18
  173     69    104     1.72193703621788E-08   2.97895107265693E-06
  173     70    103     1.86235838398496E-08   3.22188000429398E-06
  173     71    102     1.59012172945025E-17   2.75091059194892E-15
  173     72    101     1.24719555901254E-19   2.15764831709170E-17
  174     70    104     6.08527960593222E-08   1.05883865143221E-05
  174     71    103     1.33336612833119E-16   2.32005706329627E-14
  174     72    102     1.11000295171638E-17   1.93140513598650E-15
  175     69    106     1.86941381423376E-18   3.27147417490908E-16
  175     70    105     4.18737539530009E-08   7.32790694177516E-06
  175     71    104     2.48599549364557E-09   4.35049211387974E-07
  175     72    103     7.08209314816052E-17   1.23936630092809E-14
  176     70    106     3.54098490666128E-08   6.23213343572385E-06
  176     71    105     6.32156378124067E-15   1.11259522549836E-12
  176     72    104     1.44453114212883E-15   2.54237481014674E-13
  177     70    107     8.71352445596273E-10   1.54229382870540E-07
  177     71    106     1.91473821255370E-08   3.38908663622005E-06
  177     72    105     5.34629425025216E-10   9.46294082294633E-08
  177     73    104     3.20574483077616E-19   5.67416835047380E-17
  178     70    108     3.08498066115482E-10   5.49126557685559E-08
  178     71    107     1.91337126412442E-10   3.40580085014146E-08
  178     72    106     4.18404223430285E-08   7.44759517705907E-06
  178     74    104     2.47264585273813E-19   4.40130961787386E-17
  179     71    108     1.15487562455912E-08   2.06722736796083E-06
  179     72    107     3.05783307389823E-08   5.47352120227783E-06
  179     73    106     8.90759681535334E-17   1.59445982994825E-14
  180     72    108     3.83143386716450E-08   6.89658096089610E-06
  180     73    107     2.59457457532166E-16   4.67023423557898E-14
  180     74    106     1.47622592092311E-16   2.65720665766159E-14
  181     72    109     1.75006647220701E-08   3.16762031469468E-06
  181     73    108     1.03531811615339E-10   1.87392579023764E-08
  181     74    107     5.38161552421717E-16   9.74072409883308E-14
  182     72    110     9.51904736077166E-09   1.73246661966044E-06
  182     73    109     2.68465594092464E-14   4.88607381248284E-12
  182     74    108     1.14460160329903E-14   2.08317491800423E-12
  182     75    107     6.85982599133728E-20   1.24848833042339E-17
  183     72    111     6.45372797060691E-11   1.18103221862106E-08
  183     73    110     2.39720469829073E-08   4.38688459787204E-06
  183     74    109     1.01013768741589E-09   1.84855196797108E-07
  183     75    108     2.45282020363841E-18   4.48866097265829E-16
  183     76    107     1.09979726037813E-20   2.01262898649197E-18
  184     72    112     9.89953420759479E-09   1.82151429419744E-06
  184     73    111     2.21242111821971E-08   4.07085485752427E-06
  184     74    110     1.13250264479284E-08   2.08380486641882E-06
  184     75    109     1.14411604945425E-17   2.10517353099583E-15
  184     76    108     7.32509046284855E-19   1.34781664516413E-16
  185     73    112     2.73263583989248E-11   5.05537630380108E-09
  185     74    111     4.07143788736662E-08   7.53216009162824E-06
  185     75    110     1.17477262707139E-10   2.17332936008208E-08
  185     76    109     4.00231207250010E-18   7.40427733412518E-16
  186     74    112     4.17597940106882E-08   7.76732168598800E-06
  186     75    111     3.19808500934882E-15   5.94843811738880E-13
  186     76    110     4.27318355882567E-16   7.94812141941575E-14
  187     74    113     1.90843956602152E-08   3.56878198846024E-06
  187     75    112     5.44560270865520E-09   1.01832770651852E-06
  187     76    111     8.87961932705043E-16   1.66048881415843E-13
  187     77    110     2.50454650101282E-20   4.68350195689397E-18
  188     74    114     2.95097884501068E-08   5.54784022862009E-06
  188     75    113     9.01438577197571E-11   1.69470452513143E-08
  188     76    112     1.70983250075382E-11   3.21448510141718E-09
  188     77    111     1.58841056112384E-19   2.98621185491282E-17
  188     78    110     5.37869325290402E-20   1.01119433154596E-17
  189     75    114     2.26495485294450E-08   4.28076467206510E-06
  189     76    113     6.18495189605760E-09   1.16895590835489E-06
  189     77    112     3.62516583766299E-18   6.85156343318306E-16
  189     78    111     1.81678512141922E-19   3.43372387948232E-17
  190     74    116     1.77066384104490E-13   3.36426129798532E-11
  190     75    115     2.04055397620100E-14   3.87705255478189E-12
  190     76    114     3.32807757089548E-08   6.32334738470141E-06
  190     77    113     1.24591232486634E-17   2.36723341724605E-15
  190     78    112     2.52340803556325E-17   4.79447526757017E-15
  191     76    115     2.90815398640472E-08   5.55457411403301E-06
  191     77    114     4.68621031942664E-10   8.95066171010489E-08
  191     78    113     9.20049643310096E-17   1.75729481872228E-14
  192     76    116     5.34631939971689E-08   1.02649332474564E-05
  192     77    115     2.84950121244866E-15   5.47104232790143E-13
  192     78    114     3.84982244987059E-15   7.39165910375154E-13
  192     79    113     1.58632056111118E-20   3.04573547733346E-18
  193     76    117     9.02471283216136E-08   1.74176957660714E-05
  193     77    116     1.98229152877052E-08   3.82582265052711E-06
  193     78    115     1.45116272037130E-14   2.80074405031661E-12
  193     79    114     2.99058108217546E-18   5.77182148859864E-16
  194     76    118     6.23721630726648E-08   1.21001996360970E-05
  194     77    117     6.25001350809290E-12   1.21250262057002E-09
  194     78    116     1.70674537687375E-12   3.31108603113507E-10
  194     79    115     1.89617308158987E-17   3.67857577828435E-15
  194     80    114     3.54657601725343E-19   6.88035747347165E-17
  195     77    118     7.23695583473593E-09   1.41120638777351E-06
  195     78    117     6.98966207745544E-08   1.36298410510381E-05
  195     79    116     9.54489825668416E-16   1.86125516005341E-13
  195     80    115     1.59993362123652E-18   3.11987056141122E-16
  196     76    120     4.26040502814201E-12   8.35039385515835E-10
  196     77    119     1.08705760435335E-13   2.13063290453257E-11
  196     78    118     1.48491371409699E-07   2.91043087963010E-05
  196     79    117     4.41142198356923E-15   8.64638708779569E-13
  196     80    116     1.41549947644115E-16   2.77437897382465E-14
  197     78    119     9.82239236532420E-08   1.93501129596887E-05
  197     79    118     3.41036102762515E-08   6.71841122442154E-06
  197     80    117     7.86012631183829E-16   1.54844488343214E-13
  197     81    116     1.45028563079372E-19   2.85706269266362E-17
  198     78    120     3.08706110974157E-07   6.11238099728831E-05
  198     79    119     2.46671338849023E-13   4.88409250921066E-11
  198     80    118     3.76079339283720E-14   7.44637091781765E-12
  198     81    117     2.50489690563686E-18   4.95969587316098E-16
  199     78    121     1.04288389608790E-12   2.07533895321492E-10
  199     79    120     1.30481603843988E-07   2.59658391649536E-05
  199     80    119     9.99059465367232E-09   1.98812833608079E-06
  199     81    118     1.40354111789460E-16   2.79304682461026E-14
  199     82    117     1.54531339763178E-20   3.07517366128725E-18
  200     78    122     1.53067759166757E-07   3.06135518333514E-05
  200     79    121     1.04353396352009E-08   2.08706792704018E-06
  200     80    120     8.41039555465470E-08   1.68207911093094E-05
  200     81    119     1.15681220006740E-15   2.31362440013479E-13
  200     82    118     2.50736741690851E-17   5.01473483381703E-15
  201     78    123     2.84401249195299E-18   5.71646510882550E-16
  201     79    122     3.23745520928641E-13   6.50728497066569E-11
  201     80    121     3.30650770249848E-07   6.64608048202195E-05
  201     81    120     4.89698622270934E-14   9.84294230764578E-12
  201     82    119     1.10163497177425E-16   2.21428629326624E-14
  201     83    118     2.70804534420628E-20   5.44317114185462E-18
  202     78    124     2.82340691821546E-07   5.70328197479522E-05
  202     79    123     5.07569981886755E-11   1.02529136341124E-08
  202     80    122     4.26247643482785E-08   8.61020239835225E-06
  202     81    121     2.52355046363734E-13   5.09757193654742E-11
  202     82    120     3.62164121610551E-15   7.31571525653313E-13
  202     83    119     2.64746099460359E-19   5.34787120909926E-17
  203     80    123     2.62173440172337E-07   5.32212083549845E-05
  203     81    122     1.42564693970657E-09   2.89406328760434E-07
  203     82    121     2.76333242053571E-14   5.60956481368749E-12
  203     83    120     1.03432595353338E-16   2.09968168567276E-14
  204     80    124     2.38015057686356E-08   4.85550717680167E-06
  204     81    123     1.39833415474303E-11   2.85260167567577E-09
  204     82    122     5.90321603259683E-13   1.20425607064975E-10
  204     83    121     6.14917074186372E-16   1.25443083134020E-13
  204     84    120     1.05345078189163E-19   2.14903959505892E-17
  205     81    124     3.32992731630786E-08   6.82635099843111E-06
  205     82    123     2.41632982660200E-12   4.95347614453411E-10
  205     83    122     7.46521920058698E-14   1.53036993612033E-11
  205     84    121     1.00924177581688E-19   2.06894564042461E-17
  206     81    125     3.49633919983164E-20   7.20245875165318E-18
  206     82    124     1.14549723526930E-08   2.35972430465477E-06
  206     83    123     4.33316044324876E-13   8.92631051309244E-11
  206     84    122     3.16001775974454E-16   6.50963658507374E-14
  207     81    126     7.32955406155211E-20   1.51721769074129E-17
  207     82    125     1.36436720764317E-08   2.82424011982136E-06
  207     83    124     2.98242577079740E-12   6.17362134555062E-10
  207     84    123     3.73285495109185E-16   7.72700974876013E-14
  208     80    128     2.77604862452383E-17   5.77418113900956E-15
  208     81    127     4.48526519365352E-17   9.32935160279933E-15
  208     82    126     2.56383473660789E-09   5.33277625214442E-07
  208     83    125     1.18596190876733E-11   2.46680077023605E-09
  208     84    124     1.61010389476686E-14   3.34901610111506E-12
  209     81    128     1.03516398940448E-19   2.16349273785535E-17
  209     82    127     3.98359443860816E-12   8.32571237669105E-10
  209     83    126     1.09354982323750E-09   2.28551913056638E-07
  209     84    125     5.37860539505116E-14   1.12412852756569E-11
  210     82    128     5.03479057199959E-13   1.05730602011991E-10
  210     83    127     4.61762073706820E-11   9.69700354784323E-09
  210     84    126     7.22126729880112E-12   1.51646613274823E-09
  211     82    129     4.55543156728016E-19   9.61196060696115E-17
  211     83    128     2.86496543965587E-20   6.04507707767389E-18
  212     82    130     1.60170599242602E-16   3.39561670394316E-14
  212     83    129     2.23644264367440E-15   4.74125840458972E-13
  213     83    130     9.43126241993861E-17   2.00885889544692E-14
