# 1:A 2:Y(A) 3:X(A)
    1     1.64158041338957E-04     1.64158041338957E-04
    2     1.05030444605689E-10     2.10060889211377E-10
    3     1.50672625573834E-05     4.52017876721503E-05
    4     1.92896996958939E-01     7.71587987835758E-01
    5     0.00000000000000E+00     0.00000000000000E+00
    6     2.74855460035628E-09     1.64913276021377E-08
    7     4.06513321991173E-06     2.84559325393821E-05
    8     0.00000000000000E+00     0.00000000000000E+00
    9     1.72255173034253E-08     1.55029655730828E-07
   10     1.40878986839025E-10     1.40878986839025E-09
   11     2.51140959002402E-06     2.76255054902642E-05
   12     2.52085997950541E-06     3.02503197540649E-05
   13     2.63364176926997E-07     3.42373430005096E-06
   14     2.42774328139329E-05     3.39884059395061E-04
   15     2.01709090024318E-05     3.02563635036477E-04
   16     3.08149591061941E-05     4.93039345699105E-04
   17     4.11002019008851E-09     6.98703432315047E-08
   18     8.87216696574311E-09     1.59699005383376E-07
   19     1.64486769064544E-06     3.12524861222634E-05
   20     3.14996592946358E-05     6.29993185892716E-04
   21     4.49292504467874E-07     9.43514259382535E-06
   22     5.49306517092186E-07     1.20847433760281E-05
   23     1.24783555820413E-06     2.87002178386950E-05
   24     4.38425115749998E-06     1.05222027780000E-04
   25     1.32579989618733E-05     3.31449974046833E-04
   26     4.92052043087251E-06     1.27933531202685E-04
   27     3.66646708994930E-06     9.89946114286310E-05
   28     5.15702779915701E-05     1.44396778376396E-03
   29     3.12272113426815E-06     9.05589128937763E-05
   30     1.40002403974553E-06     4.20007211923660E-05
   31     7.21387167998717E-07     2.23630022079602E-05
   32     3.40159109974970E-05     1.08850915191991E-03
   33     1.31162365038907E-05     4.32835804628395E-04
   34     1.36736625974248E-06     4.64904528312444E-05
   35     8.13626546915415E-07     2.84769291420395E-05
   36     2.72277368377885E-05     9.80198526160386E-04
   37     1.09878275877206E-06     4.06549620745661E-05
   38     3.98895871364813E-07     1.51580431118629E-05
   39     1.79446548126670E-05     6.99841537694015E-04
   40     6.89858804744456E-05     2.75943521897782E-03
   41     1.44643954718876E-06     5.93040214347393E-05
   42     9.10004289146654E-07     3.82201801441595E-05
   43     3.36835481641538E-06     1.44839257105861E-04
   44     1.83389759269463E-05     8.06914940785638E-04
   45     7.06475059675905E-06     3.17913776854157E-04
   46     9.57330491668919E-06     4.40372026167703E-04
   47     1.31842898478632E-05     6.19661622849571E-04
   48     1.33783604181057E-05     6.42161300069074E-04
   49     1.56236271607342E-05     7.65557730875975E-04
   50     2.73938392510899E-05     1.36969196255450E-03
   51     1.62777667285008E-05     8.30166103153541E-04
   52     1.50565753409688E-05     7.82941917730380E-04
   53     1.71317335915815E-05     9.07981880353819E-04
   54     3.34868315577153E-05     1.80828890411663E-03
   55     1.61909184821719E-05     8.90500516519452E-04
   56     1.84153755407284E-05     1.03126103028079E-03
   57     1.50339957100506E-05     8.56937755472886E-04
   58     2.14344011820708E-05     1.24319526856010E-03
   59     1.29424137358462E-05     7.63602410414925E-04
   60     2.02605030394326E-04     1.21563018236596E-02
   61     7.32600264095488E-05     4.46886161098247E-03
   62     1.35372300261535E-04     8.39308261621515E-03
   63     1.87284994064273E-04     1.17989546260492E-02
   64     2.69434760302777E-04     1.72438246593778E-02
   65     1.01520497358024E-04     6.59883232827155E-03
   66     2.60806888133235E-04     1.72132546167935E-02
   67     1.56490338710843E-04     1.04848526936265E-02
   68     1.02346902740284E-04     6.95958938633932E-03
   69     4.88007826927353E-05     3.36725400579873E-03
   70     6.22409659379864E-05     4.35686761565905E-03
   71     2.52001175965512E-05     1.78920834935513E-03
   72     2.79244415947241E-05     2.01055979482013E-03
   73     1.62768200853031E-05     1.18820786622713E-03
   74     9.87203379673590E-06     7.30530500958457E-04
   75     9.80117307760542E-06     7.35087980820406E-04
   76     1.14670950457462E-05     8.71499223476710E-04
   77     7.17578526693486E-06     5.52535465553984E-04
   78     7.80344703827470E-06     6.08668868985427E-04
   79     3.56058779514853E-06     2.81286435816734E-04
   80     3.48314356136734E-06     2.78651484909387E-04
   81     3.48053136453497E-06     2.81923040527333E-04
   82     3.88482812685241E-06     3.18555906401897E-04
   83     1.98739928919794E-06     1.64954141003429E-04
   84     1.96076581151742E-06     1.64704328167463E-04
   85     1.90927821792785E-06     1.62288648523867E-04
   86     4.00071939730088E-06     3.44061868167875E-04
   87     7.62602465615649E-06     6.63464145085615E-04
   88     1.54712321876353E-04     1.36146843251191E-02
   89     1.90602861993412E-04     1.69636547174137E-02
   90     5.38097365466896E-04     4.84287628920207E-02
   91     7.14295664226550E-05     6.50009054446160E-03
   92     2.17042443980183E-05     1.99679048461768E-03
   93     1.40230715363420E-05     1.30414565287980E-03
   94     4.42308462072903E-06     4.15769954348529E-04
   95     1.40755159670082E-06     1.33717401686578E-04
   96     3.52831360486250E-07     3.38718106066800E-05
   97     9.91518488986548E-08     9.61772934316952E-06
   98     1.88016993617769E-08     1.84256653745414E-06
   99     7.30771924296134E-09     7.23464205053173E-07
  100     2.54501445580167E-09     2.54501445580167E-07
  101     1.29031556562448E-09     1.30321872128073E-07
  102     1.33936597262873E-10     1.36615329208130E-08
  103     2.91915026764135E-11     3.00672477567059E-09
  104     2.09620354021299E-12     2.18005168182151E-10
  105     6.43952910698082E-13     6.76150556232986E-11
  106     1.08872122439115E-13     1.15404449785462E-11
  107     5.18492027514680E-14     5.54786469440708E-12
  108     7.25499699016634E-15     7.83539674937965E-13
  109     2.39122425901324E-15     2.60643444232443E-13
  110     2.55818617368824E-16     2.81400479105706E-14
  111     3.24635815448664E-17     3.60345755148017E-15
  112     2.29420266929402E-18     2.56950698960930E-16
  113     6.24434390198241E-19     7.05610860924013E-17
  114     6.77397103077950E-20     7.72232697508863E-18
  115     1.30397961445048E-20     1.49957655661806E-18
  116     0.00000000000000E+00     0.00000000000000E+00
  117     0.00000000000000E+00     0.00000000000000E+00
  118     0.00000000000000E+00     0.00000000000000E+00
  119     0.00000000000000E+00     0.00000000000000E+00
  120     0.00000000000000E+00     0.00000000000000E+00
  121     0.00000000000000E+00     0.00000000000000E+00
  122     0.00000000000000E+00     0.00000000000000E+00
  123     0.00000000000000E+00     0.00000000000000E+00
  124     0.00000000000000E+00     0.00000000000000E+00
  125     0.00000000000000E+00     0.00000000000000E+00
  126     0.00000000000000E+00     0.00000000000000E+00
  127     0.00000000000000E+00     0.00000000000000E+00
  128     0.00000000000000E+00     0.00000000000000E+00
  129     0.00000000000000E+00     0.00000000000000E+00
  130     0.00000000000000E+00     0.00000000000000E+00
  131     0.00000000000000E+00     0.00000000000000E+00
  132     0.00000000000000E+00     0.00000000000000E+00
  133     0.00000000000000E+00     0.00000000000000E+00
  134     0.00000000000000E+00     0.00000000000000E+00
  135     0.00000000000000E+00     0.00000000000000E+00
  136     0.00000000000000E+00     0.00000000000000E+00
  137     0.00000000000000E+00     0.00000000000000E+00
  138     0.00000000000000E+00     0.00000000000000E+00
  139     0.00000000000000E+00     0.00000000000000E+00
  140     0.00000000000000E+00     0.00000000000000E+00
  141     0.00000000000000E+00     0.00000000000000E+00
  142     0.00000000000000E+00     0.00000000000000E+00
  143     0.00000000000000E+00     0.00000000000000E+00
  144     0.00000000000000E+00     0.00000000000000E+00
  145     0.00000000000000E+00     0.00000000000000E+00
  146     0.00000000000000E+00     0.00000000000000E+00
  147     0.00000000000000E+00     0.00000000000000E+00
  148     0.00000000000000E+00     0.00000000000000E+00
  149     0.00000000000000E+00     0.00000000000000E+00
  150     0.00000000000000E+00     0.00000000000000E+00
  151     0.00000000000000E+00     0.00000000000000E+00
  152     0.00000000000000E+00     0.00000000000000E+00
  153     0.00000000000000E+00     0.00000000000000E+00
  154     0.00000000000000E+00     0.00000000000000E+00
  155     0.00000000000000E+00     0.00000000000000E+00
  156     0.00000000000000E+00     0.00000000000000E+00
  157     0.00000000000000E+00     0.00000000000000E+00
  158     0.00000000000000E+00     0.00000000000000E+00
  159     0.00000000000000E+00     0.00000000000000E+00
  160     0.00000000000000E+00     0.00000000000000E+00
  161     0.00000000000000E+00     0.00000000000000E+00
  162     0.00000000000000E+00     0.00000000000000E+00
  163     0.00000000000000E+00     0.00000000000000E+00
  164     0.00000000000000E+00     0.00000000000000E+00
  165     0.00000000000000E+00     0.00000000000000E+00
  166     0.00000000000000E+00     0.00000000000000E+00
  167     0.00000000000000E+00     0.00000000000000E+00
  168     0.00000000000000E+00     0.00000000000000E+00
  169     0.00000000000000E+00     0.00000000000000E+00
  170     0.00000000000000E+00     0.00000000000000E+00
  171     0.00000000000000E+00     0.00000000000000E+00
  172     0.00000000000000E+00     0.00000000000000E+00
  173     0.00000000000000E+00     0.00000000000000E+00
  174     0.00000000000000E+00     0.00000000000000E+00
  175     0.00000000000000E+00     0.00000000000000E+00
  176     0.00000000000000E+00     0.00000000000000E+00
  177     0.00000000000000E+00     0.00000000000000E+00
  178     0.00000000000000E+00     0.00000000000000E+00
  179     0.00000000000000E+00     0.00000000000000E+00
  180     0.00000000000000E+00     0.00000000000000E+00
  181     0.00000000000000E+00     0.00000000000000E+00
  182     0.00000000000000E+00     0.00000000000000E+00
  183     0.00000000000000E+00     0.00000000000000E+00
  184     0.00000000000000E+00     0.00000000000000E+00
  185     0.00000000000000E+00     0.00000000000000E+00
  186     0.00000000000000E+00     0.00000000000000E+00
  187     0.00000000000000E+00     0.00000000000000E+00
  188     0.00000000000000E+00     0.00000000000000E+00
  189     0.00000000000000E+00     0.00000000000000E+00
  190     0.00000000000000E+00     0.00000000000000E+00
  191     0.00000000000000E+00     0.00000000000000E+00
  192     0.00000000000000E+00     0.00000000000000E+00
  193     0.00000000000000E+00     0.00000000000000E+00
  194     0.00000000000000E+00     0.00000000000000E+00
  195     0.00000000000000E+00     0.00000000000000E+00
  196     0.00000000000000E+00     0.00000000000000E+00
  197     0.00000000000000E+00     0.00000000000000E+00
  198     0.00000000000000E+00     0.00000000000000E+00
  199     0.00000000000000E+00     0.00000000000000E+00
  200     0.00000000000000E+00     0.00000000000000E+00
  201     0.00000000000000E+00     0.00000000000000E+00
  202     0.00000000000000E+00     0.00000000000000E+00
  203     0.00000000000000E+00     0.00000000000000E+00
  204     0.00000000000000E+00     0.00000000000000E+00
  205     0.00000000000000E+00     0.00000000000000E+00
  206     0.00000000000000E+00     0.00000000000000E+00
  207     0.00000000000000E+00     0.00000000000000E+00
  208     0.00000000000000E+00     0.00000000000000E+00
  209     0.00000000000000E+00     0.00000000000000E+00
  210     0.00000000000000E+00     0.00000000000000E+00
  211     0.00000000000000E+00     0.00000000000000E+00
  212     0.00000000000000E+00     0.00000000000000E+00
  213     0.00000000000000E+00     0.00000000000000E+00
  214     0.00000000000000E+00     0.00000000000000E+00
  215     0.00000000000000E+00     0.00000000000000E+00
  216     0.00000000000000E+00     0.00000000000000E+00
  217     0.00000000000000E+00     0.00000000000000E+00
  218     0.00000000000000E+00     0.00000000000000E+00
  219     0.00000000000000E+00     0.00000000000000E+00
  220     0.00000000000000E+00     0.00000000000000E+00
  221     0.00000000000000E+00     0.00000000000000E+00
  222     0.00000000000000E+00     0.00000000000000E+00
  223     0.00000000000000E+00     0.00000000000000E+00
  224     0.00000000000000E+00     0.00000000000000E+00
  225     0.00000000000000E+00     0.00000000000000E+00
  226     0.00000000000000E+00     0.00000000000000E+00
  227     0.00000000000000E+00     0.00000000000000E+00
  228     0.00000000000000E+00     0.00000000000000E+00
  229     0.00000000000000E+00     0.00000000000000E+00
  230     0.00000000000000E+00     0.00000000000000E+00
  231     0.00000000000000E+00     0.00000000000000E+00
  232     0.00000000000000E+00     0.00000000000000E+00
  233     0.00000000000000E+00     0.00000000000000E+00
  234     0.00000000000000E+00     0.00000000000000E+00
  235     0.00000000000000E+00     0.00000000000000E+00
  236     0.00000000000000E+00     0.00000000000000E+00
  237     0.00000000000000E+00     0.00000000000000E+00
  238     0.00000000000000E+00     0.00000000000000E+00
  239     0.00000000000000E+00     0.00000000000000E+00
  240     0.00000000000000E+00     0.00000000000000E+00
  241     0.00000000000000E+00     0.00000000000000E+00
  242     0.00000000000000E+00     0.00000000000000E+00
  243     0.00000000000000E+00     0.00000000000000E+00
  244     0.00000000000000E+00     0.00000000000000E+00
  245     0.00000000000000E+00     0.00000000000000E+00
  246     0.00000000000000E+00     0.00000000000000E+00
  247     0.00000000000000E+00     0.00000000000000E+00
  248     0.00000000000000E+00     0.00000000000000E+00
  249     0.00000000000000E+00     0.00000000000000E+00
  250     0.00000000000000E+00     0.00000000000000E+00
  251     0.00000000000000E+00     0.00000000000000E+00
  252     0.00000000000000E+00     0.00000000000000E+00
  253     0.00000000000000E+00     0.00000000000000E+00
  254     0.00000000000000E+00     0.00000000000000E+00
  255     0.00000000000000E+00     0.00000000000000E+00
  256     0.00000000000000E+00     0.00000000000000E+00
  257     0.00000000000000E+00     0.00000000000000E+00
  258     0.00000000000000E+00     0.00000000000000E+00
  259     0.00000000000000E+00     0.00000000000000E+00
  260     0.00000000000000E+00     0.00000000000000E+00
  261     0.00000000000000E+00     0.00000000000000E+00
  262     0.00000000000000E+00     0.00000000000000E+00
  263     0.00000000000000E+00     0.00000000000000E+00
  264     0.00000000000000E+00     0.00000000000000E+00
  265     0.00000000000000E+00     0.00000000000000E+00
  266     0.00000000000000E+00     0.00000000000000E+00
  267     0.00000000000000E+00     0.00000000000000E+00
  268     0.00000000000000E+00     0.00000000000000E+00
  269     0.00000000000000E+00     0.00000000000000E+00
  270     0.00000000000000E+00     0.00000000000000E+00
  271     0.00000000000000E+00     0.00000000000000E+00
  272     0.00000000000000E+00     0.00000000000000E+00
  273     0.00000000000000E+00     0.00000000000000E+00
  274     0.00000000000000E+00     0.00000000000000E+00
  275     0.00000000000000E+00     0.00000000000000E+00
  276     0.00000000000000E+00     0.00000000000000E+00
  277     0.00000000000000E+00     0.00000000000000E+00
  278     0.00000000000000E+00     0.00000000000000E+00
  279     0.00000000000000E+00     0.00000000000000E+00
  280     0.00000000000000E+00     0.00000000000000E+00
  281     0.00000000000000E+00     0.00000000000000E+00
  282     0.00000000000000E+00     0.00000000000000E+00
  283     0.00000000000000E+00     0.00000000000000E+00
  284     0.00000000000000E+00     0.00000000000000E+00
  285     0.00000000000000E+00     0.00000000000000E+00
  286     0.00000000000000E+00     0.00000000000000E+00
  287     0.00000000000000E+00     0.00000000000000E+00
  288     0.00000000000000E+00     0.00000000000000E+00
  289     0.00000000000000E+00     0.00000000000000E+00
  290     0.00000000000000E+00     0.00000000000000E+00
  291     0.00000000000000E+00     0.00000000000000E+00
  292     0.00000000000000E+00     0.00000000000000E+00
  293     0.00000000000000E+00     0.00000000000000E+00
  294     0.00000000000000E+00     0.00000000000000E+00
  295     0.00000000000000E+00     0.00000000000000E+00
  296     0.00000000000000E+00     0.00000000000000E+00
  297     0.00000000000000E+00     0.00000000000000E+00
  298     0.00000000000000E+00     0.00000000000000E+00
  299     0.00000000000000E+00     0.00000000000000E+00
  300     0.00000000000000E+00     0.00000000000000E+00
  301     0.00000000000000E+00     0.00000000000000E+00
  302     0.00000000000000E+00     0.00000000000000E+00
  303     0.00000000000000E+00     0.00000000000000E+00
  304     0.00000000000000E+00     0.00000000000000E+00
  305     0.00000000000000E+00     0.00000000000000E+00
  306     0.00000000000000E+00     0.00000000000000E+00
  307     0.00000000000000E+00     0.00000000000000E+00
  308     0.00000000000000E+00     0.00000000000000E+00
  309     0.00000000000000E+00     0.00000000000000E+00
  310     0.00000000000000E+00     0.00000000000000E+00
  311     0.00000000000000E+00     0.00000000000000E+00
  312     0.00000000000000E+00     0.00000000000000E+00
  313     0.00000000000000E+00     0.00000000000000E+00
  314     0.00000000000000E+00     0.00000000000000E+00
  315     0.00000000000000E+00     0.00000000000000E+00
  316     0.00000000000000E+00     0.00000000000000E+00
  317     0.00000000000000E+00     0.00000000000000E+00
  318     0.00000000000000E+00     0.00000000000000E+00
  319     0.00000000000000E+00     0.00000000000000E+00
  320     0.00000000000000E+00     0.00000000000000E+00
  321     0.00000000000000E+00     0.00000000000000E+00
  322     0.00000000000000E+00     0.00000000000000E+00
  323     0.00000000000000E+00     0.00000000000000E+00
  324     0.00000000000000E+00     0.00000000000000E+00
  325     0.00000000000000E+00     0.00000000000000E+00
  326     0.00000000000000E+00     0.00000000000000E+00
  327     0.00000000000000E+00     0.00000000000000E+00
  328     0.00000000000000E+00     0.00000000000000E+00
  329     0.00000000000000E+00     0.00000000000000E+00
  330     0.00000000000000E+00     0.00000000000000E+00
  331     0.00000000000000E+00     0.00000000000000E+00
  332     0.00000000000000E+00     0.00000000000000E+00
  333     0.00000000000000E+00     0.00000000000000E+00
  334     0.00000000000000E+00     0.00000000000000E+00
  335     0.00000000000000E+00     0.00000000000000E+00
  336     0.00000000000000E+00     0.00000000000000E+00
  337     0.00000000000000E+00     0.00000000000000E+00
