# 1:A 2:Y(A) 3:X(A)
    1     2.17837102914102E-01     2.17837102914102E-01
    2     4.46783151868857E-06     8.93566303737715E-06
    3     5.00399663837391E-06     1.50119899151217E-05
    4     1.90859260927374E-01     7.63437043709495E-01
    5     0.00000000000000E+00     0.00000000000000E+00
    6     2.32348554046779E-13     1.39409132428068E-12
    7     9.30127767832171E-10     6.51089437482519E-09
    8     0.00000000000000E+00     0.00000000000000E+00
    9     3.25015406237545E-12     2.92513865613791E-11
   10     2.49038192014093E-08     2.49038192014093E-07
   11     4.35584560797599E-06     4.79143016877359E-05
   12     6.86340391196471E-06     8.23608469435765E-05
   13     2.87046166520365E-06     3.73160016476474E-05
   14     1.26207501591287E-05     1.76690502227801E-04
   15     7.59460500690164E-06     1.13919075103525E-04
   16     1.80137619718137E-05     2.88220191549019E-04
   17     4.40565492429404E-07     7.48961337129988E-06
   18     6.71581388341195E-08     1.20884649901415E-06
   19     3.87565833067849E-08     7.36375082828912E-07
   20     1.03203894780527E-06     2.06407789561053E-05
   21     3.57329915159046E-08     7.50392821833996E-07
   22     1.98576486183995E-07     4.36868269604789E-06
   23     1.35895499821287E-07     3.12559649588961E-06
   24     2.57867131526919E-07     6.18881115664605E-06
   25     8.08857907456509E-07     2.02214476864127E-05
   26     5.04347554223459E-07     1.31130364098099E-05
   27     1.31614278847974E-06     3.55358552889529E-05
   28     5.25759619649706E-06     1.47212693501918E-04
   29     3.30839758345047E-06     9.59435299200636E-05
   30     4.88550397921614E-06     1.46565119376484E-04
   31     3.81614068943978E-06     1.18300361372633E-04
   32     4.50466297197872E-06     1.44149215103319E-04
   33     2.77524289969923E-06     9.15830156900746E-05
   34     4.37733779226651E-06     1.48829484937061E-04
   35     3.78987157910622E-06     1.32645505268718E-04
   36     2.64335602219738E-06     9.51608167991058E-05
   37     2.25829330896993E-06     8.35568524318876E-05
   38     2.46126313733371E-06     9.35279992186811E-05
   39     4.15753712826369E-06     1.62143948002284E-04
   40     9.23392923691679E-06     3.69357169476672E-04
   41     4.24009377702773E-07     1.73843844858137E-05
   42     3.84497577664159E-07     1.61488982618947E-05
   43     5.39119469826871E-07     2.31821372025555E-05
   44     1.75721450539046E-06     7.73174382371803E-05
   45     7.65872172215422E-07     3.44642477496940E-05
   46     5.12973805831648E-07     2.35967950682558E-05
   47     7.10377840056934E-07     3.33877584826759E-05
   48     2.10766251362357E-06     1.01167800653931E-04
   49     1.42447682155462E-06     6.97993642561762E-05
   50     1.53786383184317E-06     7.68931915921586E-05
   51     1.54448900533490E-06     7.87689392720800E-05
   52     5.13698809144972E-06     2.67123380755385E-04
   53     3.03333182582644E-06     1.60766586768801E-04
   54     3.51851221343900E-06     1.89999659525706E-04
   55     3.54423228642074E-06     1.94932775753141E-04
   56     2.33950556073872E-05     1.31012311401369E-03
   57     4.59136930051530E-06     2.61708050129372E-04
   58     2.64161339414256E-06     1.53213576860268E-04
   59     1.66119495021741E-06     9.80105020628274E-05
   60     2.29008888888966E-06     1.37405333333379E-04
   61     1.30749383525675E-06     7.97571239506617E-05
   62     1.17174266061556E-06     7.26480449581645E-05
   63     3.05884839940581E-06     1.92707449162566E-04
   64     3.58223508861297E-06     2.29263045671230E-04
   65     2.37345804374165E-06     1.54274772843207E-04
   66     3.55515388039482E-06     2.34640156106058E-04
   67     1.99705070024380E-06     1.33802396916335E-04
   68     3.29982719082802E-06     2.24388248976306E-04
   69     2.60858955393177E-06     1.79992679221292E-04
   70     4.09237706049190E-06     2.86466394234433E-04
   71     1.87031513245542E-06     1.32792374404335E-04
   72     3.29757480418614E-06     2.37425385901402E-04
   73     1.95986767322294E-06     1.43070340145274E-04
   74     3.44953490985029E-06     2.55265583328921E-04
   75     2.12799726450746E-06     1.59599794838059E-04
   76     3.82245463182750E-06     2.90506552018890E-04
   77     1.59740864773956E-06     1.23000465875946E-04
   78     4.30212112100537E-06     3.35565447438419E-04
   79     2.09035756478268E-06     1.65138247617832E-04
   80     3.73563655727543E-06     2.98850924582034E-04
   81     2.63308138118531E-06     2.13279591876010E-04
   82     3.84272513721489E-06     3.15103461251621E-04
   83     3.10455886900807E-06     2.57678386127669E-04
   84     5.50729052729129E-06     4.62612404292468E-04
   85     3.12517645454388E-06     2.65639998636230E-04
   86     4.47879187568583E-06     3.85176101308981E-04
   87     2.34731822066298E-06     2.04216685197680E-04
   88     3.81375333470203E-06     3.35610293453779E-04
   89     5.29221682508592E-06     4.71007297432647E-04
   90     5.18882982071039E-06     4.66994683863935E-04
   91     3.39305533699585E-06     3.08768035666622E-04
   92     7.91593409040246E-06     7.28265936317026E-04
   93     3.12966940901352E-06     2.91059255038257E-04
   94     3.24929881281125E-06     3.05434088404257E-04
   95     3.06248966176466E-06     2.90936517867643E-04
   96     6.87820493467703E-06     6.60307673728995E-04
   97     2.62255590774871E-06     2.54387923051625E-04
   98     6.21951997294030E-06     6.09512957348149E-04
   99     1.92785687311167E-06     1.90857830438056E-04
  100     3.12610914814523E-06     3.12610914814523E-04
  101     2.14014748070568E-06     2.16154895551274E-04
  102     3.57584731231399E-06     3.64736425856027E-04
  103     1.59001474777516E-06     1.63771519020841E-04
  104     2.07668302799528E-06     2.15975034911509E-04
  105     1.01563323759880E-06     1.06641489947874E-04
  106     1.24277281128058E-06     1.31733917995741E-04
  107     6.00845594807476E-07     6.42904786443999E-05
  108     5.41647141602983E-07     5.84978912931222E-05
  109     3.42940478892024E-07     3.73805121992307E-05
  110     1.94997274111255E-07     2.14497001522380E-05
  111     1.43111236875766E-07     1.58853472932100E-05
  112     8.78312066306942E-08     9.83709514263775E-06
  113     6.74817045954735E-08     7.62543261928850E-06
  114     4.44099229463792E-08     5.06273121588723E-06
  115     3.96077615879571E-08     4.55489258261507E-06
  116     1.66099052142892E-08     1.92674900485754E-06
  117     1.25278418082726E-08     1.46575749156789E-06
  118     4.81881177786114E-09     5.68619789787614E-07
  119     4.48540547168285E-09     5.33763251130259E-07
  120     1.60917330464919E-09     1.93100796557903E-07
  121     2.12852607148537E-09     2.57551654649730E-07
  122     1.17331809721521E-09     1.43144807860255E-07
  123     6.47202950903806E-10     7.96059629611681E-08
  124     2.10664205307222E-10     2.61223614580955E-08
  125     1.56564786164418E-10     1.95705982705522E-08
  126     1.07689062356191E-10     1.35688218568800E-08
  127     1.22198586341914E-10     1.55192204654230E-08
  128     7.13726697560819E-11     9.13570172877848E-09
  129     4.27259867502601E-11     5.51165229078355E-09
  130     1.71496434698651E-11     2.22945365108246E-09
  131     1.42208152213909E-11     1.86292679400221E-09
  132     1.11870623908492E-11     1.47669223559210E-09
  133     1.30777700221038E-11     1.73934341293980E-09
  134     6.25521324453300E-12     8.38198574767422E-10
  135     3.63598718498564E-12     4.90858269973062E-10
  136     1.25942141193808E-12     1.71281312023579E-10
  137     1.43467288749470E-12     1.96550185586774E-10
  138     1.96357538374565E-12     2.70973402956899E-10
  139     1.03779833439553E-12     1.44253968480979E-10
  140     6.72417558342222E-14     9.41384581679110E-12
  141     1.84634585441918E-13     2.60334765473104E-11
  142     9.34133391911731E-14     1.32646941651466E-11
  143     2.03016457768007E-14     2.90313534608250E-12
  144     7.70720216505234E-15     1.10983711176754E-12
  145     3.59128585262283E-15     5.20736448630310E-13
  146     1.35121907812965E-15     1.97277985406929E-13
  147     4.36738694872449E-15     6.42005881462500E-13
  148     1.11971588436904E-15     1.65717950886618E-13
  149     1.24233335971509E-15     1.85107670597548E-13
  150     6.75922936636156E-16     1.01388440495423E-13
  151     2.34225842578017E-15     3.53681022292806E-13
  152     8.91384808039098E-16     1.35490490821943E-13
  153     1.15099656474734E-15     1.76102474406343E-13
  154     2.31703510292490E-16     3.56823405850435E-14
  155     2.00468336744772E-16     3.10725921954396E-14
  156     1.49516701845470E-16     2.33246054878933E-14
  157     1.62411837412934E-16     2.54986584738307E-14
  158     5.14521834939661E-17     8.12944499204664E-15
  159     4.76970113086917E-17     7.58382479808198E-15
  160     1.19443218508326E-17     1.91109149613321E-15
  161     1.19443080254286E-17     1.92303359209400E-15
  162     1.91685521414624E-18     3.10530544691691E-16
  163     9.33886822290538E-19     1.52223552033358E-16
  164     1.84078400095239E-19     3.01888576156192E-17
  165     9.43521368886804E-20     1.55681025866323E-17
  166     1.67756849370552E-20     2.78476369955116E-18
  167     0.00000000000000E+00     0.00000000000000E+00
  168     0.00000000000000E+00     0.00000000000000E+00
  169     0.00000000000000E+00     0.00000000000000E+00
  170     0.00000000000000E+00     0.00000000000000E+00
  171     0.00000000000000E+00     0.00000000000000E+00
  172     0.00000000000000E+00     0.00000000000000E+00
  173     0.00000000000000E+00     0.00000000000000E+00
  174     0.00000000000000E+00     0.00000000000000E+00
  175     0.00000000000000E+00     0.00000000000000E+00
  176     0.00000000000000E+00     0.00000000000000E+00
  177     0.00000000000000E+00     0.00000000000000E+00
  178     0.00000000000000E+00     0.00000000000000E+00
  179     0.00000000000000E+00     0.00000000000000E+00
  180     0.00000000000000E+00     0.00000000000000E+00
  181     0.00000000000000E+00     0.00000000000000E+00
  182     0.00000000000000E+00     0.00000000000000E+00
  183     0.00000000000000E+00     0.00000000000000E+00
  184     0.00000000000000E+00     0.00000000000000E+00
  185     0.00000000000000E+00     0.00000000000000E+00
  186     0.00000000000000E+00     0.00000000000000E+00
  187     0.00000000000000E+00     0.00000000000000E+00
  188     0.00000000000000E+00     0.00000000000000E+00
  189     0.00000000000000E+00     0.00000000000000E+00
  190     0.00000000000000E+00     0.00000000000000E+00
  191     0.00000000000000E+00     0.00000000000000E+00
  192     0.00000000000000E+00     0.00000000000000E+00
  193     0.00000000000000E+00     0.00000000000000E+00
  194     0.00000000000000E+00     0.00000000000000E+00
  195     0.00000000000000E+00     0.00000000000000E+00
  196     0.00000000000000E+00     0.00000000000000E+00
  197     0.00000000000000E+00     0.00000000000000E+00
  198     0.00000000000000E+00     0.00000000000000E+00
  199     0.00000000000000E+00     0.00000000000000E+00
  200     0.00000000000000E+00     0.00000000000000E+00
  201     0.00000000000000E+00     0.00000000000000E+00
  202     0.00000000000000E+00     0.00000000000000E+00
  203     0.00000000000000E+00     0.00000000000000E+00
  204     0.00000000000000E+00     0.00000000000000E+00
  205     0.00000000000000E+00     0.00000000000000E+00
  206     0.00000000000000E+00     0.00000000000000E+00
  207     0.00000000000000E+00     0.00000000000000E+00
  208     0.00000000000000E+00     0.00000000000000E+00
  209     0.00000000000000E+00     0.00000000000000E+00
  210     0.00000000000000E+00     0.00000000000000E+00
  211     0.00000000000000E+00     0.00000000000000E+00
  212     0.00000000000000E+00     0.00000000000000E+00
  213     0.00000000000000E+00     0.00000000000000E+00
  214     0.00000000000000E+00     0.00000000000000E+00
  215     0.00000000000000E+00     0.00000000000000E+00
  216     0.00000000000000E+00     0.00000000000000E+00
  217     0.00000000000000E+00     0.00000000000000E+00
  218     0.00000000000000E+00     0.00000000000000E+00
  219     0.00000000000000E+00     0.00000000000000E+00
  220     0.00000000000000E+00     0.00000000000000E+00
  221     0.00000000000000E+00     0.00000000000000E+00
  222     0.00000000000000E+00     0.00000000000000E+00
  223     0.00000000000000E+00     0.00000000000000E+00
  224     0.00000000000000E+00     0.00000000000000E+00
  225     0.00000000000000E+00     0.00000000000000E+00
  226     0.00000000000000E+00     0.00000000000000E+00
  227     0.00000000000000E+00     0.00000000000000E+00
  228     0.00000000000000E+00     0.00000000000000E+00
  229     0.00000000000000E+00     0.00000000000000E+00
  230     0.00000000000000E+00     0.00000000000000E+00
  231     0.00000000000000E+00     0.00000000000000E+00
  232     0.00000000000000E+00     0.00000000000000E+00
  233     0.00000000000000E+00     0.00000000000000E+00
  234     0.00000000000000E+00     0.00000000000000E+00
  235     0.00000000000000E+00     0.00000000000000E+00
  236     0.00000000000000E+00     0.00000000000000E+00
  237     0.00000000000000E+00     0.00000000000000E+00
  238     0.00000000000000E+00     0.00000000000000E+00
  239     0.00000000000000E+00     0.00000000000000E+00
  240     0.00000000000000E+00     0.00000000000000E+00
  241     0.00000000000000E+00     0.00000000000000E+00
  242     0.00000000000000E+00     0.00000000000000E+00
  243     0.00000000000000E+00     0.00000000000000E+00
  244     0.00000000000000E+00     0.00000000000000E+00
  245     0.00000000000000E+00     0.00000000000000E+00
  246     0.00000000000000E+00     0.00000000000000E+00
  247     0.00000000000000E+00     0.00000000000000E+00
  248     0.00000000000000E+00     0.00000000000000E+00
  249     0.00000000000000E+00     0.00000000000000E+00
  250     0.00000000000000E+00     0.00000000000000E+00
  251     0.00000000000000E+00     0.00000000000000E+00
  252     0.00000000000000E+00     0.00000000000000E+00
  253     0.00000000000000E+00     0.00000000000000E+00
  254     0.00000000000000E+00     0.00000000000000E+00
  255     0.00000000000000E+00     0.00000000000000E+00
  256     0.00000000000000E+00     0.00000000000000E+00
  257     0.00000000000000E+00     0.00000000000000E+00
  258     0.00000000000000E+00     0.00000000000000E+00
  259     0.00000000000000E+00     0.00000000000000E+00
  260     0.00000000000000E+00     0.00000000000000E+00
  261     0.00000000000000E+00     0.00000000000000E+00
  262     0.00000000000000E+00     0.00000000000000E+00
  263     0.00000000000000E+00     0.00000000000000E+00
  264     0.00000000000000E+00     0.00000000000000E+00
  265     0.00000000000000E+00     0.00000000000000E+00
  266     0.00000000000000E+00     0.00000000000000E+00
  267     0.00000000000000E+00     0.00000000000000E+00
  268     0.00000000000000E+00     0.00000000000000E+00
  269     0.00000000000000E+00     0.00000000000000E+00
  270     0.00000000000000E+00     0.00000000000000E+00
  271     0.00000000000000E+00     0.00000000000000E+00
  272     0.00000000000000E+00     0.00000000000000E+00
  273     0.00000000000000E+00     0.00000000000000E+00
  274     0.00000000000000E+00     0.00000000000000E+00
  275     0.00000000000000E+00     0.00000000000000E+00
  276     0.00000000000000E+00     0.00000000000000E+00
  277     0.00000000000000E+00     0.00000000000000E+00
  278     0.00000000000000E+00     0.00000000000000E+00
  279     0.00000000000000E+00     0.00000000000000E+00
  280     0.00000000000000E+00     0.00000000000000E+00
  281     0.00000000000000E+00     0.00000000000000E+00
  282     0.00000000000000E+00     0.00000000000000E+00
  283     0.00000000000000E+00     0.00000000000000E+00
  284     0.00000000000000E+00     0.00000000000000E+00
  285     0.00000000000000E+00     0.00000000000000E+00
  286     0.00000000000000E+00     0.00000000000000E+00
  287     0.00000000000000E+00     0.00000000000000E+00
  288     0.00000000000000E+00     0.00000000000000E+00
  289     0.00000000000000E+00     0.00000000000000E+00
  290     0.00000000000000E+00     0.00000000000000E+00
  291     0.00000000000000E+00     0.00000000000000E+00
  292     0.00000000000000E+00     0.00000000000000E+00
  293     0.00000000000000E+00     0.00000000000000E+00
  294     0.00000000000000E+00     0.00000000000000E+00
  295     0.00000000000000E+00     0.00000000000000E+00
  296     0.00000000000000E+00     0.00000000000000E+00
  297     0.00000000000000E+00     0.00000000000000E+00
  298     0.00000000000000E+00     0.00000000000000E+00
  299     0.00000000000000E+00     0.00000000000000E+00
  300     0.00000000000000E+00     0.00000000000000E+00
  301     0.00000000000000E+00     0.00000000000000E+00
  302     0.00000000000000E+00     0.00000000000000E+00
  303     0.00000000000000E+00     0.00000000000000E+00
  304     0.00000000000000E+00     0.00000000000000E+00
  305     0.00000000000000E+00     0.00000000000000E+00
  306     0.00000000000000E+00     0.00000000000000E+00
  307     0.00000000000000E+00     0.00000000000000E+00
  308     0.00000000000000E+00     0.00000000000000E+00
  309     0.00000000000000E+00     0.00000000000000E+00
  310     0.00000000000000E+00     0.00000000000000E+00
  311     0.00000000000000E+00     0.00000000000000E+00
  312     0.00000000000000E+00     0.00000000000000E+00
  313     0.00000000000000E+00     0.00000000000000E+00
  314     0.00000000000000E+00     0.00000000000000E+00
  315     0.00000000000000E+00     0.00000000000000E+00
  316     0.00000000000000E+00     0.00000000000000E+00
  317     0.00000000000000E+00     0.00000000000000E+00
  318     0.00000000000000E+00     0.00000000000000E+00
  319     0.00000000000000E+00     0.00000000000000E+00
  320     0.00000000000000E+00     0.00000000000000E+00
  321     0.00000000000000E+00     0.00000000000000E+00
  322     0.00000000000000E+00     0.00000000000000E+00
  323     0.00000000000000E+00     0.00000000000000E+00
  324     0.00000000000000E+00     0.00000000000000E+00
  325     0.00000000000000E+00     0.00000000000000E+00
  326     0.00000000000000E+00     0.00000000000000E+00
  327     0.00000000000000E+00     0.00000000000000E+00
  328     0.00000000000000E+00     0.00000000000000E+00
  329     0.00000000000000E+00     0.00000000000000E+00
  330     0.00000000000000E+00     0.00000000000000E+00
  331     0.00000000000000E+00     0.00000000000000E+00
  332     0.00000000000000E+00     0.00000000000000E+00
  333     0.00000000000000E+00     0.00000000000000E+00
  334     0.00000000000000E+00     0.00000000000000E+00
  335     0.00000000000000E+00     0.00000000000000E+00
  336     0.00000000000000E+00     0.00000000000000E+00
  337     0.00000000000000E+00     0.00000000000000E+00
