# 1:iteration 2:time[s], 3:T[GK], 4:rho[g/cm3], 5:Ye 
# 6:R[km], 7:Y_n, 8:Y_p, 9:Y_alpha, 10:Y_lights 
# 11:Y_heavies 12:<Z> 13:<A> 14:entropy [kB/baryon] (15:Sn [MeV])
       0  1.4705612891743311E-01   5.9999999999848352E+00   2.9257388342496618E+06   5.0199999999999878E-01   5.0000000000000000E+01   4.2913279238880424E-04   2.0447057403406282E-02   1.8499838416382891E-01   2.8042476101641585E-08   4.3872299662385816E-03   2.3874994065522595E+00   4.7559749134507143E+00   2.7018514806989650E+01
      10  1.4705613096343312E-01   5.9999999757103639E+00   2.9257387987392796E+06   5.0200000000004696E-01   5.0000000000000000E+01   4.2913273097852428E-04   2.0447058051855552E-02   1.8499838054201775E-01   2.8042473313043819E-08   4.3872302209164724E-03   2.3874994381201757E+00   4.7559749763360974E+00   2.7018514776145285E+01
      20  1.4705822606743310E-01   5.9999751187029631E+00   2.9257024363342910E+06   5.0199999983862620E-01   5.0000000000000000E+01   4.2906985264248127E-04   2.0447722002318338E-02   1.8499467163940414E-01   2.8039617913196582E-08   4.3874910182528796E-03   2.3875317655639834E+00   4.7560393751625405E+00   2.7018483170091866E+01
      30  1.4920361256343312E-01   5.9745755099598572E+00   2.8887035036819195E+06   5.0199983410555049E-01   5.0000000000000000E+01   3.6930930716722163E-04   2.1127733202131932E-02   1.8115505870102833E-01   2.5252941808241842E-08   4.6575816738736184E-03   2.4214969892942015E+00   4.8237007759350163E+00   2.6985926548194541E+01
      40  1.6420070254347427E-01   5.7999999912867271E+00   2.6428090410172176E+06   5.0199868342877174E-01   5.0000000000000000E+01   1.3062441153010096E-04   2.5614630511215410E-02   1.5251178617513864E-01   1.1874468873575417E-08   6.6847574245806046E-03   2.7143601674026629E+00   5.4071061478945062E+00   2.6548980727172392E+01
      50  1.6420096443147425E-01   5.7999969877262147E+00   2.6428049352416424E+06   5.0199868340554354E-01   5.0000000000000000E+01   1.3067410567812034E-04   2.5615870362952785E-02   1.5251128423098531E-01   1.1879540899005207E-08   6.6847559016349018E-03   2.7143486301041579E+00   5.4070831654179319E+00   2.6548991260042996E+01
      60  1.6446913774347427E-01   5.7969221578963221E+00   2.6386039667635160E+06   5.0199865966697144E-01   5.0000000000000000E+01   1.2888988122900479E-04   2.5608330174737359E-02   1.5244421256679558E-01   1.1732923386943194E-08   6.6881893020085013E-03   2.7154197784395318E+00   5.4092171881973909E+00   2.6546427582711843E+01
      70  1.7042352769165117E-01   5.7290684743768434E+00   2.5470287323632389E+06   5.0199814077372529E-01   5.0000000000000000E+01   8.8298137805749980E-05   2.6637361530241280E-02   1.4360437525888506E-01   8.6825510299894479E-09   7.3102824977866760E-03   2.8259244495565135E+00   5.6293524236166954E+00   2.6403342349978526E+01
      80  1.7692562445046225E-01   5.6558802124186958E+00   2.4506563400412262E+06   5.0199758675333583E-01   5.0000000000000000E+01   5.7780463409995543E-05   2.7797553971280163E-02   1.3269622508896317E-01   6.1872035177234429E-09   8.0854815227167417E-03   2.9767930296955192E+00   5.9298951024692297E+00   2.6227976238996522E+01
      90  1.8350281783469580E-01   5.5827978410177383E+00   2.3568802152569201E+06   5.0199704746790175E-01   5.0000000000000000E+01   3.7904987041111396E-05   2.8673967677243974E-02   1.2255221124212209E-01   4.3763831494774935E-09   8.8061247386342825E-03   3.1361053252344480E+00   6.2472585162785794E+00   2.6056552747096532E+01
     100  1.9068638756470521E-01   5.5040562380091842E+00   2.2585535555997761E+06   5.0199648966681221E-01   5.0000000000000000E+01   2.4136486409113078E-05   2.9297491606991546E-02   1.1288970833665499E-01   2.9924601614738962E-09   9.4897209693858165E-03   3.3091165504708027E+00   6.5919117455611467E+00   2.5882171041827547E+01
     110  1.9788984830490280E-01   5.4262118024851524E+00   2.1640736154890712E+06   5.0199596823394155E-01   5.0000000000000000E+01   1.5482928015726194E-05   2.9621444573578112E-02   1.0481821408415162E-01   2.0431130741682080E-09   1.0056446755506101E-02   3.4737419116263109E+00   6.9198601883140967E+00   2.5723838024041630E+01
     120  2.0485108503881552E-01   5.3520311878972588E+00   2.0765276183817296E+06   5.0199550325163356E-01   5.0000000000000000E+01   1.0146032432222751E-05   2.9709468383623899E-02   9.8462672045515176E-02   1.4133593985810633E-09   1.0498581934851463E-02   3.6197891168420120E+00   7.2107998918901615E+00   2.5586546184957545E+01
     130  2.1155290329381943E-01   5.2815732864836837E+00   1.9955919174131316E+06   5.0199509147258159E-01   5.0000000000000000E+01   6.7791300419801103E-06   2.9642807881788569E-02   9.3463218632225509E-02   9.9135658311409537E-10   1.0843049262838163E-02   3.7474665672987313E+00   7.4651458451366075E+00   2.5466907690755612E+01
     140  2.1791721779071233E-01   5.2155225032419334E+00   1.9216543611099632E+06   5.0199473180892296E-01   5.0000000000000000E+01   4.6283583559059325E-06   2.9485061597313622E-02   8.9508898412876223E-02   7.0761847123128263E-10   1.1112717967564042E-02   3.8581945198676011E+00   7.6857271186382512E+00   2.5362240793779844E+01
     150  2.2422848798454648E-01   5.1508379839770235E+00   1.8510385951376227E+06   5.0199440407013063E-01   5.0000000000000000E+01   3.1688593931330403E-06   2.9267414255144720E-02   8.6171959677686122E-02   5.0607653129585073E-10   1.1337508049159820E-02   3.9595693386677775E+00   7.8876762602142385E+00   2.5264969386001098E+01
     160  2.3018788710762739E-01   5.0904963726541315E+00   1.7867434638636031E+06   5.0199411899472790E-01   5.0000000000000000E+01   2.2127914857334879E-06   2.9023715212628618E-02   8.3431994637732224E-02   3.6834064286839353E-10   1.1519339401619151E-02   4.0490821399757140E+00   8.0659951824411316E+00   2.5177581668122492E+01
     170  2.3609249821907694E-01   5.0314067180129651E+00   1.7252422335676679E+06   5.0199385838236787E-01   5.0000000000000000E+01   1.5471338375968311E-06   2.8755709218598515E-02   8.1027675553372480E-02   2.6851605421467279E-10   1.1676085061984342E-02   4.1329627382068743E+00   8.2330942408796108E+00   2.5094216589970841E+01
     180  2.4175901562151317E-01   4.9753448310885799E+00   1.6682124717800596E+06   5.0199362705964012E-01   5.0000000000000000E+01   1.0948903138700218E-06   2.8478685445485315E-02   7.8954937211765774E-02   1.9798006532891917E-10   1.1808516091002702E-02   4.2098290268422804E+00   8.3862200755366914E+00   2.5016484967824272E+01
     190  2.4723711755187996E-01   4.9217409656574453E+00   1.6148718475748077E+06   5.0199341994577285E-01   5.0000000000000000E+01   7.8191701786912281E-07   2.8194274507671743E-02   7.7132703144268885E-02   1.4725875855835194E-10   1.1922470300231070E-02   4.2813853744709194E+00   8.5287679286488043E+00   2.4942939686987618E+01
     200  2.5276684823055817E-01   4.8682175996965311E+00   1.5627580741646802E+06   5.0199322622021036E-01   5.0000000000000000E+01   5.5523088170884735E-07   2.7890679443083936E-02   7.5447982923368503E-02   1.0907640732855492E-10   1.2025502075220632E-02   4.3513582590103059E+00   8.6681613173609833E+00   2.4869909893828655E+01
     210  2.5847724192212906E-01   4.8135563838837463E+00   1.5107061425854624E+06   5.0199304104091125E-01   5.0000000000000000E+01   3.8881392385922830E-07   2.7558656483466785E-02   7.3850512431926793E-02   7.9891035891915048E-11   1.2120998660320062E-02   4.4216557784216102E+00   8.8082013560447674E+00   2.4795443316551587E+01
     220  2.6431950256831316E-01   4.7582680207478774E+00   1.4592459891725660E+06   5.0199286594147219E-01   5.0000000000000000E+01   2.6926694865728102E-07   2.7197614723352925E-02   7.2349182402684384E-02   5.8010767628604945E-11   1.2208792630933604E-02   4.4918706729590987E+00   8.9480767249147650E+00   2.4719980254949874E+01
     230  2.7028301106127611E-01   4.7024871200141751E+00   1.4085252903426387E+06   5.0199270085232472E-01   5.0000000000000000E+01   1.8450887407910586E-07   2.6804500739142055E-02   7.0942754267854430E-02   4.1784045530645603E-11   1.2289450075921911E-02   4.5620400805944588E+00   9.0878613966115331E+00   2.4643482220918955E+01
     240  2.7673410213163646E-01   4.6428815789272448E+00   1.3556407818418075E+06   5.0199253654422904E-01   5.0000000000000000E+01   1.2217514521179978E-07   2.6348711391955194E-02   6.9554525056504932E-02   2.9255607528047541E-11   1.2367852394175798E-02   4.6364359619672690E+00   9.2360655422604694E+00   2.4561145284408404E+01
     250  2.8410743910211689E-01   4.5756795416423621E+00   1.2976232192119344E+06   5.0199236512683687E-01   5.0000000000000000E+01   7.5954334809839069E-08   2.5786307285626864E-02   6.8127603274949378E-02   1.9432977343818724E-11   1.2447764950140725E-02   4.7196699764770607E+00   9.4018760276739037E+00   2.4467387481995168E+01
     260  2.9167332623682402E-01   4.5077335666372740E+00   1.2406706873368465E+06   5.0199220552689550E-01   5.0000000000000000E+01   4.6426388846192194E-08   2.5161971649078792E-02   6.6831422693311729E-02   1.2750575065048710E-11   1.2520657868267594E-02   4.8031051505209348E+00   9.5680871237252827E+00   2.4371421939889181E+01
     270  2.9917758019476387E-01   4.4413377929261140E+00   1.1866515784659449E+06   5.0199206173899302E-01   5.0000000000000000E+01   2.8363598351653529E-08   2.4496250198466293E-02   6.5706839320092261E-02   8.3838037824602648E-12   1.2585249416669017E-02   4.8837438991385058E+00   9.7287273621315951E+00   2.4276396616199914E+01
     280  3.0715123883442685E-01   4.3718601498163157E+00   1.1318284024547194E+06   5.0199192313948937E-01   5.0000000000000000E+01   1.6719035273319404E-08   2.3741511822042715E-02   6.4680412024862022E-02   5.3639385339598405E-12   1.2646741631005820E-02   4.9668395016237490E+00   9.8942618005500975E+00   2.4175554926612833E+01
     290  3.1582946716253929E-01   4.2974779078145318E+00   1.0750353950686541E+06   5.0199178701527092E-01   5.0000000000000000E+01   9.3490618254421828E-09   2.2871235997751805E-02   6.3749682702366223E-02   3.2959698193788530E-12   1.2706621913376593E-02   5.0539028415364111E+00   1.0067700269296997E+01   2.4065900434654466E+01
     300  3.2420087624121241E-01   4.2269249017992347E+00   1.0229523419870894E+06   5.0199166849035137E-01   5.0000000000000000E+01   5.3032914112370342E-09   2.1991890629028225E-02   6.3021740573350166E-02   2.0591289754798158E-12   1.2758570254363579E-02   5.1342982337694352E+00   1.0227855488267203E+01   2.3960137790060774E+01
     310  3.3232389931031209E-01   4.1595726862009732E+00   9.7482791794040799E+05   5.0199156410169499E-01   5.0000000000000000E+01   3.0404876542172006E-09   2.1109757433115706E-02   6.2459728259937321E-02   1.3039340928856676E-12   1.2804361024037921E-02   5.2087943498949700E+00   1.0376258746882794E+01   2.3857425697333149E+01
     320  3.4142984230615636E-01   4.0853455919022794E+00   9.2356657587364188E+05   5.0199145813743229E-01   5.0000000000000000E+01   1.6172179989281238E-09   2.0097074305608725E-02   6.1979071614371814E-02   7.8090737621099126E-13   1.2851065891074730E-02   5.2881722743563584E+00   1.0534386983563634E+01   2.3742026111150636E+01
     330  3.5039045721746764E-01   4.0135962957191316E+00   8.7575548631693656E+05   5.0199136384572030E-01   5.0000000000000000E+01   8.6160859521803078E-10   1.9085886530528142E-02   6.1637741804274129E-02   4.7115908565309750E-13   1.2892968641892674E-02   5.3622047311550833E+00   1.0681866513264955E+01   2.3627990789028736E+01
     340  3.5910733565952885E-01   3.9450079923850354E+00   8.3162103788487171E+05   5.0199128046458275E-01   5.0000000000000000E+01   4.6301800047598222E-10   1.8097032191811125E-02   6.1410024184529031E-02   2.8784765113911493E-13   1.2930401813827224E-02   5.4306045165784207E+00   1.0818125207045421E+01   2.3516394092148516E+01
     350  3.6760570770390610E-01   3.8792675582892371E+00   7.9073508449897764E+05   5.0199120618497262E-01   5.0000000000000000E+01   2.5058250623959567E-10   1.7135461315554129E-02   6.1268929947212523E-02   1.7768758018749013E-13   1.2964125851493306E-02   5.4941375942383077E+00   1.0944688940684548E+01   2.3406778707392920E+01
     360  3.7590549746341295E-01   3.8161208380880853E+00   7.5274548606395395E+05   5.0199113957689967E-01   5.0000000000000000E+01   1.3640743811742000E-10   1.6205028446197686E-02   6.1193083218065582E-02   1.1059964203370817E-13   1.2994713075317420E-02   5.5534401128073885E+00   1.1062824985312444E+01   2.3298791308954033E+01
     370  3.8604294183771692E-01   3.7403856147843273E+00   7.0881180070696934E+05   5.0199106533515203E-01   5.0000000000000000E+01   6.4128507101058284E-11   1.5088374387568710E-02   6.1165254041545304E-02   6.1607978355520564E-14   1.3029225859401423E-02   5.6224800268153672E+00   1.1200358778707624E+01   2.3165464381128860E+01
     380  3.9654273061786255E-01   3.6635275947552617E+00   6.6600916640079045E+05   5.0199099561208449E-01   5.0000000000000000E+01   2.8921866691473103E-11   1.3964004961694865E-02   6.1191521282032479E-02   3.3263821088820924E-14   1.3062038428495100E-02   5.6903746698573752E+00   1.1335611053429348E+01   2.3025523333611332E+01
     390  4.0674652561800162E-01   3.5903496672969335E+00   6.2689101600694750E+05   5.0199093395755123E-01   5.0000000000000000E+01   1.3143316358925551E-11   1.2911382758735761E-02   6.1253936330440961E-02   1.8017949617319522E-14   1.3091355105025250E-02   5.7530376732510158E+00   1.1460441400229881E+01   2.2887581459310081E+01
     400  4.1666133271647632E-01   3.5206447196872706E+00   5.9108291786482604E+05   5.0199087911217066E-01   5.0000000000000000E+01   6.0201825968855852E-12   1.1933560318673245E-02   6.1336834861971383E-02   9.7561369615692106E-15   1.3117630205341851E-02   5.8108849789563832E+00   1.1575678422976104E+01   2.2751616520446856E+01
     410  4.2630384975404290E-01   3.4541523599640698E+00   5.5822113477133738E+05   5.0199082999870948E-01   5.0000000000000000E+01   2.7791648436914311E-12   1.1030884388551335E-02   6.1429233408560241E-02   5.2622930353306850E-15   1.3141260255411621E-02   5.8642844473177851E+00   1.1682054941781621E+01   2.2617505546960913E+01
     420  4.3602165365809437E-01   3.3884113265056306E+00   5.2695093508281244E+05   5.0199078422368826E-01   5.0000000000000000E+01   1.2594324906683074E-12   1.0174335769935986E-02   6.1526784135249840E-02   2.7594398322024907E-15   1.3163294030018187E-02   5.9152094610528243E+00   1.1783502120009496E+01   2.2480440951059585E+01
     430  4.4670633747920729E-01   3.3175725686382727E+00   4.9458745826664026E+05   5.0199073763238289E-01   5.0000000000000000E+01   5.2194053977604855E-13   9.2996097686956682E-03   6.1632026987131168E-02   1.3209599977181868E-15   1.3185597525344806E-02   5.9677513403650186E+00   1.1888170243268881E+01   2.2327517452262210E+01
     440  4.5699426489018713E-01   3.2507641437349148E+00   4.6530550160527037E+05   5.0199069579384337E-01   5.0000000000000000E+01   2.2282036168570391E-13   8.5288487757684984E-03   6.1725000257659528E-02   6.3641841681610067E-16   1.3205315482812875E-02   6.0148061474400816E+00   1.1981907647021062E+01   2.2178076444570806E+01
     450  4.6735352914013645E-01   3.1848517998746919E+00   4.3757196551190596E+05   5.0199065588803637E-01   5.0000000000000000E+01   9.5202253086312483E-14   7.8279448727697643E-03   6.1805226221173765E-02   3.0196803104431301E-16   1.3223545434727349E-02   6.0585390891486091E+00   1.2069027635031521E+01   2.2025440850497162E+01
     460  4.7938189788577928E-01   3.1099944755279489E+00   4.0743718049181142E+05   5.0199061113632948E-01   5.0000000000000000E+01   3.6099190422447232E-14   7.1118986545118442E-03   6.1876774040353189E-02   1.2718646428000660E-16   1.3242801438217270E-02   6.1046043066635693E+00   1.2160793808886433E+01   2.1845518537486534E+01
     470  4.9127777486405494E-01   3.0376923465096919E+00   3.7967601799716923E+05   5.0199056696960653E-01   5.0000000000000000E+01   1.4112346444137234E-14   6.5069224058129545E-03   6.1921145888433171E-02   5.4650234441332681E-17   1.3259991514325302E-02   6.1452134883101532E+00   1.2241691183226893E+01   2.1664735935762060E+01
     480  5.0298267224903503E-01   2.9681918213021103E+00   3.5420745483969210E+05   5.0199052174863990E-01   5.0000000000000000E+01   5.6900206619980719E-15   6.0090316548134255E-03   6.1937157850550678E-02   2.4202406126922170E-17   1.3275248203187403E-02   6.1805175568291153E+00   1.2312020443690663E+01   2.1484096305410933E+01
     490  5.1451645789753253E-01   2.9012629161962624E+00   3.3078291179793765E+05   5.0199047327996449E-01   5.0000000000000000E+01   2.3571251004678527E-15   5.6085820348381003E-03   6.1924786576328175E-02   1.1112437922981152E-17   1.3288800852041458E-02   6.2110492283737617E+00   1.2372842849620762E+01   2.1303415166463630E+01
     500  5.2538389037301947E-01   2.8395822602158116E+00   3.1013099186809163E+05   5.0199042173928399E-01   5.0000000000000000E+01   1.0429871094608334E-15   5.3079320227875301E-03   6.1886752830346455E-02   5.5091361257114043E-18   1.3300333888255638E-02   6.2362917555438759E+00   1.2423128998161497E+01   2.1130725865266054E+01
     510  5.3571135481723353E-01   2.7821819613143512E+00   2.9170132145576668E+05   5.0199036514808193E-01   5.0000000000000000E+01   4.8930671032700430E-16   5.0849453834157102E-03   6.1826845406974057E-02   2.9359807877078349E-18   1.3310267557694681E-02   6.2575104090440696E+00   1.2465399444061925E+01   2.0964400039942593E+01
     520  5.4593690194667788E-01   2.7264913878588266E+00   2.7453277235532168E+05   5.0199029946102869E-01   5.0000000000000000E+01   2.3638029105318064E-16   4.9168135764533667E-03   6.1745573094730048E-02   1.6424381044997520E-18   1.3319191339722010E-02   6.2763240229216359E+00   1.2502879117955981E+01   2.0797564792656011E+01
     530  5.5623547772194859E-01   2.6715297517536198E+00   2.5826279717973608E+05   5.0199022116858294E-01   5.0000000000000000E+01   1.1662589994317089E-16   4.7914268713942169E-03   6.1643548558069729E-02   9.5849713329105600E-19   1.3327332316425468E-02   6.2935769457404236E+00   1.2537250109657915E+01   2.0627354921062029E+01
     540  5.6628026002944676E-01   2.6189900615813553E+00   2.4332310864888885E+05   5.0199013055342434E-01   5.0000000000000000E+01   6.0363655911070439E-17   4.7023922088868268E-03   6.1527473952558399E-02   5.9471109008473155E-19   1.3334520728722344E-02   6.3092314309715345E+00   1.2568437219457817E+01   2.0459229977785867E+01
     550  5.7605081776627154E-01   2.5688762388281030E+00   2.2962086583114284E+05   5.0199002607206455E-01   5.0000000000000000E+01   3.2948968923624266E-17   4.6391612081932614E-03   6.1402834060193041E-02   3.9268785217717215E-19   1.3340858656068445E-02   6.3236580855330224E+00   1.2597178762121375E+01   2.0293738365213343E+01
     560  5.8591714380403004E-01   2.5192442152018750E+00   2.1656716684814866E+05   5.0198990058228798E-01   5.0000000000000000E+01   1.8623939005961024E-17   4.5919199926091883E-03   6.1270538737313522E-02   2.7208484326587178E-19   1.3346657536295312E-02   6.3375268434396510E+00   1.2624809474868693E+01   2.0124768294847527E+01
     570  5.9760353531848120E-01   2.4616955432046441E+00   2.0206208187259032E+05   5.0198971916254598E-01   5.0000000000000000E+01   1.0010637277458438E-17   4.5505926037650874E-03   6.1114498009680655E-02   1.8831257494135575E-19   1.3352811563379726E-02   6.3528606218777863E+00   1.2655360038487631E+01   1.9922445783639265E+01
     580  6.0833791716615959E-01   2.4099940301888987E+00   1.8959623351518949E+05   5.0198951284979043E-01   5.0000000000000000E+01   5.9313729421401171E-18   4.5219987876628830E-03   6.0980712737309956E-02   1.4197071722905849E-19   1.3357856732337147E-02   6.3655325334693913E+00   1.2680608618883824E+01   1.9734807419410952E+01
     590  6.1975854151313969E-01   2.3561789365939929E+00   1.7717670176939058E+05   5.0198923788474215E-01   5.0000000000000000E+01   3.5291177969464107E-18   4.4981421888368707E-03   6.0856077842427372E-02   1.0994074058952954E-19   1.3362649834367867E-02   6.3771493803250330E+00   1.2703757190049588E+01   1.9533613516860555E+01
     600  6.3114983945269809E-01   2.3036991196336221E+00   1.6559952020042771E+05   5.0198888717991041E-01   5.0000000000000000E+01   2.1577427709883913E-18   4.4784386262675452E-03   6.0753427824736299E-02   8.7927267534198640E-20   1.3366906067566270E-02   6.3867268036699700E+00   1.2722845020225435E+01   1.9331623641793367E+01
     610  6.4356232967514138E-01   2.2478445458580980E+00   1.5384402205236637E+05   5.0198838303434545E-01   5.0000000000000000E+01   1.2831020908707939E-18   4.4583813260791263E-03   6.0665709919258820E-02   7.0362982801480225E-20   1.3371012771367248E-02   6.3951553325862740E+00   1.2739648084559569E+01   1.9110315928744832E+01
     620  6.5677023568329274E-01   2.1898971115971144E+00   1.4225021695264408E+05   5.0198764445086941E-01   5.0000000000000000E+01   7.4266265503216130E-19   4.4345643153085573E-03   6.0595599434037799E-02   5.5975272938915861E-20   1.3374847056702671E-02   6.4024944233811771E+00   1.2754286891273157E+01   1.8873737166848287E+01
     630  6.6992415113235571E-01   2.1336712904053297E+00   1.3157226344530890E+05   5.0198660004783324E-01   5.0000000000000000E+01   4.2925254103967550E-19   4.4039403097805522E-03   6.0543771462862307E-02   4.4356618332425484E-20   1.3378185035266830E-02   6.4089480045013829E+00   1.2767169509545109E+01   1.8637343592691291E+01
     640  6.8324665545121221E-01   2.0781961564063303E+00   1.2157419901389850E+05   5.0198506543059818E-01   5.0000000000000000E+01   2.4352896968606171E-19   4.3613297465009077E-03   6.0504387095588724E-02   3.4469311587820648E-20   1.3381136397881683E-02   6.4154025963329886E+00   1.2780066675229376E+01   1.8397526746574695E+01
     650  6.9619630631017804E-01   2.0256562883272262E+00   1.1258462219305067E+05   5.0198288574255312E-01   5.0000000000000000E+01   1.3808109366355345E-19   4.3044520902848302E-03   6.0475028424569754E-02   2.6307722165576246E-20   1.3383641814735758E-02   6.4222471004400621E+00   1.2793757103471663E+01   1.8164489793356545E+01
     660  7.0998429208403724E-01   1.9711743460460895E+00   1.0374255034860234E+05   5.0197946874953825E-01   5.0000000000000000E+01   7.3968370281412109E-20   4.2235313507279363E-03   6.0450697208926311E-02   1.9085650760096371E-20   1.3385962283635392E-02   6.4306718101329281E+00   1.2810627167710640E+01   1.7917020163846551E+01
     670  7.2587024819661028E-01   1.9102167316358898E+00   9.4412552531573077E+04   5.0197353825661317E-01   5.0000000000000000E+01   3.5326456833941611E-20   4.1033574321290367E-03   6.0429037677620707E-02   1.2674576064893885E-20   1.3388248178155357E-02   6.4421123475828619E+00   1.2833569633644709E+01   1.7633676158650978E+01
     680  7.4302364952261590E-01   1.8465106051579114E+00   8.5278042728297674E+04   5.0196390373990973E-01   5.0000000000000000E+01   1.5964180664560016E-20   3.9477219062429292E-03   6.0411132110252744E-02   7.9924728708234942E-21   1.3390318186221203E-02   6.4561961178330076E+00   1.2861873293343942E+01   1.7331357154481182E+01
     690  7.5905727486941921E-01   1.7888857257148991E+00   7.7540679254338407E+04   5.0195119543356703E-01   5.0000000000000000E+01   8.0210191580320476E-21   3.7921852448378562E-03   6.0398169987188562E-02   5.4013458622525046E-21   1.3391937488348332E-02   6.4699195890320027E+00   1.2889539177940550E+01   1.7053885663135222E+01
     700  7.7330491570690096E-01   1.7391904506769986E+00   7.1256294078063438E+04   5.0193671171311594E-01   5.0000000000000000E+01   4.7599601918050678E-21   3.6604090503827100E-03   6.0389019083097198E-02   4.1524235513409510E-21   1.3393158396556793E-02   6.4814042790065702E+00   1.2912791867377342E+01   1.6812923187978523E+01
     710  7.8722763037656418E-01   1.6919624590941869E+00   6.5607573168130126E+04   5.0191990852977042E-01   5.0000000000000000E+01   3.1598483380140424E-21   3.5480175067054693E-03   6.0381801324632910E-02   3.5559959235351317E-21   1.3394180023619612E-02   6.4911271527906553E+00   1.2932595524573081E+01   1.6583780694116470E+01
     720  8.0152498573102748E-01   1.6447980139941174E+00   6.0272544171080241E+04   5.0190054525483385E-01   5.0000000000000000E+01   2.2659646303355064E-21   3.4542812358362958E-03   6.0375816662591897E-02   3.3291461622703051E-21   1.3395076128439673E-02   6.4991830912574615E+00   1.2949145329032310E+01   1.6356107051028594E+01
     730  8.1446826946847195E-01   1.6032352761164814E+00   5.5817911845616953E+04   5.0188184056003271E-01   5.0000000000000000E+01   1.7629322609288277E-21   3.3878445423799349E-03   6.0371395765009654E-02   3.3159270770883468E-21   1.3395771912225168E-02   6.5048507688842259E+00   1.2960920784865040E+01   1.6157535370615456E+01
     740  8.2677764868212722E-01   1.5646828626007185E+00   5.1887265410623288E+04   5.0186354810066847E-01   5.0000000000000000E+01   1.4218658813751876E-21   3.3382767843835926E-03   6.0367902099869003E-02   3.4015705331239637E-21   1.3396344979391368E-02   6.5090417661063276E+00   1.2969744068329382E+01   1.5976017322046644E+01
     750  8.4271901531624938E-01   1.5161296720104624E+00   4.7205309259003057E+04   5.0183976458361401E-01   5.0000000000000000E+01   1.0945593374548636E-21   3.2887411979809311E-03   6.0364220781303789E-02   3.6078706759470237E-21   1.3396974223723317E-02   6.5131756016174673E+00   1.2978596100312954E+01   1.5752525342461777E+01
     760  8.6130750899553477E-01   1.4614134285699769E+00   4.2276700576982497E+04   5.0181259217402707E-01   5.0000000000000000E+01   8.1349578426235561E-22   3.2447992704818622E-03   6.0360869487485092E-02   3.9598915544011020E-21   1.3397572699995764E-02   6.5167723159806776E+00   1.2986466317520369E+01   1.5509902735707328E+01
     770  8.8055506200219835E-01   1.4068372504393853E+00   3.7714936639997337E+04   5.0178557514161715E-01   5.0000000000000000E+01   5.9852246243849026E-22   3.2088723360823735E-03   6.0358214515363537E-02   4.4710341377734836E-21   1.3398066918539604E-02   6.5196462368051735E+00   1.2992892920376358E+01   1.5280804460622107E+01
     780  9.0201839851560617E-01   1.3483783620547984E+00   3.3206043230300143E+04   5.0175705011918348E-01   5.0000000000000000E+01   4.2313856207364116E-22   3.1760566221571427E-03   6.0355993336815870E-02   5.2909507928544175E-21   1.3398496667428771E-02   6.5222083050555844E+00   1.2998737762647492E+01   1.5053719285005862E+01
     790  9.2385513539801800E-01   1.2913947747386163E+00   2.9171507956705314E+04   5.0172981346559609E-01   5.0000000000000000E+01   2.9483264209354693E-22   3.1485798856569608E-03   6.0354326923243752E-02   6.5019184092219785E-21   1.3398830708304327E-02   6.5242974952724007E+00   1.3003607380262311E+01   1.4854734692685986E+01
     800  9.4756927485982578E-01   1.2322363520383139E+00   2.5343340305852307E+04   5.0170222686173704E-01   5.0000000000000000E+01   1.9628812148042831E-22   3.1246402605423682E-03   6.0353016641681891E-02   8.2887285317844223E-21   1.3399102076640444E-02   6.5260585061821716E+00   1.3007832468700272E+01   1.4675657446328140E+01
     810  9.7200403945062619E-01   1.1741137033954843E+00   2.1923620494131741E+04   5.0167584907021467E-01   5.0000000000000000E+01   1.2609242207796716E-22   3.1054489554318294E-03   6.0352060301776998E-02   1.0254680629861880E-20   1.3399306359353309E-02   6.5274087281090392E+00   1.3011207835134782E+01   1.4530287580155013E+01
     820  9.9748812188889291E-01   1.1164137419025408E+00   1.8847655098048912E+04   5.0165040640001979E-01   5.0000000000000000E+01   7.7296340614341417E-23   3.0901616573013125E-03   6.0351366544790223E-02   1.1385200813434832E-20   1.3399458899295792E-02   6.5284222043909992E+00   1.3013888020650715E+01   1.4417890134147177E+01
     830  1.0245793045655236E+00   1.0581812444589433E+00   1.6049517630973280E+04   5.0162552102557145E-01   5.0000000000000000E+01   4.4783086082665828E-23   3.0780736169427583E-03   6.0350867125264426E-02   1.0927560016831196E-20   1.3399571804160270E-02   6.5291583085489435E+00   1.3016001070308402E+01   1.4336967214619056E+01
     840  1.0505137820271315E+00   1.0052828887758785E+00   1.3760894846143459E+04   5.0160365242043514E-01   5.0000000000000000E+01   2.6259674529944913E-23   3.0696776131347498E-03   6.0350547564471106E-02   9.7480690907723124E-21   1.3399646077247172E-02   6.5296080848189035E+00   1.3017465210481562E+01   1.4290512140196741E+01
     850  1.0695594650106985E+00   9.6812718633309480E-01   1.2290768897896434E+04   5.0158878867695855E-01   5.0000000000000000E+01   1.8401131033296885E-23   3.0660591804568065E-03   6.0350383417197923E-02   9.1057294516776442E-21   1.3399685322469159E-02   6.5297327821382591E+00   1.3018099565934335E+01   1.4272061102115977E+01
     860  1.0972740734802751E+00   9.1649884544176863E-01   1.0427436930074315E+04   5.0156888422452683E-01   5.0000000000000000E+01   1.0997921453480727E-23   3.0615141961422621E-03   6.0350221184838251E-02   8.4619875390159140E-21   1.3399725610088589E-02   6.5298703833122627E+00   1.3018890522730624E+01   1.4263594451021657E+01
     870  1.1233386912665189E+00   8.7045914469617813E-01   8.9336098429112353E+03   5.0155184756440563E-01   5.0000000000000000E+01   7.4781932182064078E-24   3.0583293167345698E-03   6.0350126190164596E-02   8.4057415380333440E-21   1.3399750656224955E-02   6.5299252855771339E+00   1.3019442211811805E+01   1.4270566880820478E+01
     880  1.1511929868946396E+00   8.2381166892133351E-01   7.5729593018754485E+03   5.0153529816957376E-01   5.0000000000000000E+01   5.6280830498397685E-24   3.0558131517665096E-03   6.0350065806567127E-02   8.8013278188437478E-21   1.3399768068001423E-02   6.5299273892922027E+00   1.3019876014986803E+01   1.4289163146069773E+01
     890  1.1822705262084476E+00   7.7471053015338531E-01   6.2979641246737356E+03   5.0151866718250548E-01   5.0000000000000000E+01   4.4905576216704953E-24   3.0538047895268148E-03   6.0350030008931695E-02   9.5930784239745406E-21   1.3399780006738799E-02   6.5298836318387510E+00   1.3020220520480663E+01   1.4318897021072893E+01
     900  1.2189848004604222E+00   7.2046073389599741E-01   5.0653884243526036E+03   5.0150124318724043E-01   5.0000000000000000E+01   3.4674997441634901E-24   3.0522372858642435E-03   6.0350011473795991E-02   1.0811962389713677E-20   1.3399787882322409E-02   6.5297909419384110E+00   1.3020488065899613E+01   1.4361422787519865E+01
     910  1.2601373505654021E+00   6.6415540589788691E-01   3.9681761354427617E+03   5.0148420818539752E-01   5.0000000000000000E+01   2.6065859819280599E-24   3.0511897896914495E-03   6.0350004595665967E-02   1.2602366476714056E-20   1.3399792258591269E-02   6.5296584080396194E+00   1.3020666077764691E+01   1.4414332867537128E+01
     920  1.2910328609018893E+00   6.2479501086560907E-01   3.3036532976338076E+03   5.0147290697881874E-01   5.0000000000000000E+01   2.2110108668502177E-24   3.0507102109674344E-03   6.0350003203432340E-02   1.4391094658903498E-20   1.3399793919767020E-02   6.5295520092967534E+00   1.3020747339371340E+01   1.4456057547351710E+01
     930  1.3260686141930307E+00   5.8297492416920693E-01   2.6836843213047678E+03   5.0146147219971471E-01   5.0000000000000000E+01   1.9419509128644263E-24   3.0503575620111343E-03   6.0350003078924491E-02   1.6996293672297553E-20   1.3399794898613437E-02   6.5294330288365341E+00   1.3020806982855131E+01   1.4504615522055035E+01
     940  1.3683093337921099E+00   5.3625923254853769E-01   2.0888446977758940E+03   5.0144939175216174E-01   5.0000000000000000E+01   1.7337856207894891E-24   3.0500856701331930E-03   6.0350003545191454E-02   2.1057107325147953E-20   1.3399795426465732E-02   6.5292987625049079E+00   1.3020852911406253E+01   1.4564371475164231E+01
     950  1.4142712393945689E+00   4.8967061683362612E-01   1.5903544877150678E+03   5.0143805223562854E-01   5.0000000000000000E+01   1.5367342752342366E-24   3.0499125916184809E-03   6.0350004067300553E-02   2.6696590957598387E-20   1.3399795643221968E-02   6.5291657638364589E+00   1.3020882130385843E+01   1.4630561098039541E+01
     960  1.4695121262384769E+00   4.3900027221614091E-01   1.1459777188044523E+03   5.0142652001002042E-01   5.0000000000000000E+01   1.1606226913234164E-24   3.0498190536777103E-03   6.0350004441365505E-02   3.4830452286730980E-20   1.3399795722496721E-02   6.5290235175476248E+00   1.3020897912282045E+01   1.4711497920386371E+01
     970  1.5263103225979890E+00   3.9236310505747907E-01   8.1817516630954674E+02   5.0141661951173144E-01   5.0000000000000000E+01   6.0878134503037802E-25   3.0497881682946910E-03   6.0350004608763712E-02   4.3652126033849530E-20   1.3399795741903220E-02   6.5288972139210504E+00   1.3020903117037184E+01   1.4796138424504353E+01
     980  1.5830662913855138E+00   3.5070971771928849E-01   5.8428562887466421E+02   5.0140835781412707E-01   5.0000000000000000E+01   2.1193962620376933E-25   3.0497826635244030E-03   6.0350004676097337E-02   5.2057716720057952E-20   1.3399795745867841E-02   6.5287901010606220E+00   1.3020904038249386E+01   1.4882028387455479E+01
     990  1.6489680412127712E+00   3.0786003048861493E-01   3.9522256214128720E+02   5.0140043607926477E-01   5.0000000000000000E+01   4.2540314588253884E-26   3.0497859087928853E-03   6.0350004707736965E-02   6.0534429543813258E-20   1.3399795746593869E-02   6.5286866742816008E+00   1.3020903482546405E+01   1.4983252172626566E+01
    1000  1.7286046822450241E+00   2.6300481179790869E-01   2.4641826060080166E+02   5.0139274393013100E-01   5.0000000000000000E+01   4.5881479711620510E-27   3.0497920603531460E-03   6.0350004722255463E-02   6.8050556295877044E-20   1.3399795746672348E-02   6.5285859913770672E+00   1.3020902437111955E+01   1.5107486868843669E+01
    1010  1.8082413203918439E+00   2.2468500153701784E-01   1.5363991333872551E+02   5.0138662027827474E-01   5.0000000000000000E+01   4.1100420391294350E-28   3.0497971720272587E-03   6.0350004728668687E-02   7.2650245593668265E-20   1.3399795746676079E-02   6.5285058208300564E+00   1.3020901569370892E+01   1.5233565369019459E+01
    1020  1.8926136455833105E+00   1.9015931406099784E-01   9.3139652133352342E+01   5.0138142921867823E-01   5.0000000000000000E+01   2.6896661400914927E-29   3.0498010612195312E-03   6.0350004733191666E-02   7.5273585622086817E-20   1.3399795746676190E-02   6.5284378975643760E+00   1.3020900909215333E+01   1.5368887477571924E+01
    1030  1.9790155510034497E+00   1.6029433623083397E-01   5.5787427762244377E+01   5.0137715427467766E-01   5.0000000000000000E+01   1.3913473227876949E-30   3.0498038023994171E-03   6.0350004737027993E-02   7.6584152358755588E-20   1.3399795746676197E-02   6.5283820006009927E+00   1.3020900443814714E+01   1.5509070053933264E+01
    1040  2.0654203130635089E+00   1.3511896178085228E-01   3.3414172001094144E+01   5.0137367045986281E-01   5.0000000000000000E+01   2.4920684922649230E-27   3.0498056834716708E-03   6.0350004740384065E-02   7.7190862590221954E-20   1.3399795746676187E-02   6.5283364780097060E+00   1.3020900124321489E+01   1.5650648333115100E+01
    1050  2.1518269795501852E+00   1.1389713142375213E-01   2.0013367200335075E+01   5.0137078384120126E-01   5.0000000000000000E+01   3.2203865918679162E-28   3.0498069843229929E-03   6.0350004743350741E-02   7.7462197049022366E-20   1.3399795746676197E-02   6.5282987808063062E+00   1.3020899903267194E+01   1.5793416753817986E+01
    1060  2.2382351449098583E+00   9.6008124446737106E-02   1.1986869083869330E+01   5.0136835119962997E-01   5.0000000000000000E+01   3.4782675490527918E-29   3.0498078908586736E-03   6.0350004745978084E-02   7.7580656416901649E-20   1.3399795746676203E-02   6.5282670283415278E+00   1.3020899749124178E+01   1.5937198558427747E+01
    1070  2.3168831938626124E+00   8.2180228736897926E-02   7.5176801184657753E+00   5.0136644122230867E-01   5.0000000000000000E+01   3.7937954483347797E-30   3.0498084784296975E-03   6.0350004748108116E-02   7.7628304377327406E-20   1.3399795746676199E-02   6.5282421085916447E+00   1.3020899649144026E+01   1.6068818332713359E+01
    1080  2.3209145312178903E+00   8.1527730191532893E-02   7.3400304080826428E+00   5.0136634867733920E-01   5.0000000000000000E+01   3.3677383592019933E-30   3.0498085042025159E-03   6.0350004748211672E-02   7.7629944421034305E-20   1.3399795746676197E-02   6.5282409013733096E+00   1.3020899644756865E+01   1.6075582183570532E+01
    1090  2.3234532834009940E+00   8.1119477627681680E-02   7.2303153782318557E+00   5.0136628930095017E-01   5.0000000000000000E+01   3.1234103191539000E-30   3.0498085202210314E-03   6.0350004748276599E-02   7.7630944432591057E-20   1.3399795746676199E-02   6.5282401268721681E+00   1.3020899642030027E+01   1.6079842555278173E+01
    1100  2.3257430403396393E+00   8.0753019280464564E-02   7.1327682337683616E+00   5.0136623242764278E-01   5.0000000000000000E+01   2.9177092215607723E-30   3.0498085345265118E-03   6.0350004748335032E-02   7.7631824744084837E-20   1.3399795746676204E-02   6.5282393851095488E+00   1.3020899639594710E+01   1.6083685587749155E+01
    1110  2.3280082447286747E+00   8.0392119358904737E-02   7.0375620846715332E+00   5.0136616678179313E-01   5.0000000000000000E+01   2.7270420176900705E-30   3.0498085485468093E-03   6.0350004748392638E-02   7.7632675805359938E-20   1.3399795746676201E-02   6.5282385291448461E+00   1.3020899637207856E+01   1.6087487827951744E+01
    1120  2.3304287497506340E+00   8.0008258829634388E-02   6.9372327040370356E+00   5.0136607137643086E-01   5.0000000000000000E+01   2.5365346106359518E-30   3.0498085633843394E-03   6.0350004748453936E-02   7.7633563846172740E-20   1.3399795746676199E-02   6.5282372856147637E+00   1.3020899634681886E+01   1.6091551066146948E+01
    1130  2.3329221457693383E+00   7.9614755148297925E-02   6.8353773737011405E+00   5.0136593891024139E-01   5.0000000000000000E+01   2.3536748214480297E-30   3.0498085785147957E-03   6.0350004748516865E-02   7.7634456090564559E-20   1.3399795746676194E-02   6.5282355594943189E+00   1.3020899632105946E+01   1.6095736943968873E+01
    1140  2.3341275440004687E+00   7.9425215730338089E-02   6.7866744097888425E+00   5.0136587987460723E-01   5.0000000000000000E+01   2.2698758667318368E-30   3.0498085857760360E-03   6.0350004748547216E-02   7.7634879705148659E-20   1.3399795746676203E-02   6.5282347901774411E+00   1.3020899630869698E+01   1.6097760807702667E+01
    1150  2.3348812607592446E+00   7.9306929038259102E-02   6.7563976911793562E+00   5.0136585144052503E-01   5.0000000000000000E+01   2.2189399142106586E-30   3.0498085902986040E-03   6.0350004748566090E-02   7.7635142031081114E-20   1.3399795746676197E-02   6.5282344195540638E+00   1.3020899630099699E+01   1.6099026445261245E+01
    1160  2.3354366487008229E+00   7.9219880389819322E-02   6.7341742871243389E+00   5.0136583472057383E-01   5.0000000000000000E+01   2.1821104263135071E-30   3.0498085936223225E-03   6.0350004748580044E-02   7.7635334071345599E-20   1.3399795746676203E-02   6.5282342015615491E+00   1.3020899629533822E+01   1.6099959122919145E+01
    1170  2.3358843694522231E+00   7.9149776505453184E-02   6.7163123263674809E+00   5.0136582309247391E-01   5.0000000000000000E+01   2.1528482852063284E-30   3.0498085962962530E-03   6.0350004748591285E-02   7.7635488106050009E-20   1.3399795746676196E-02   6.5282340499249729E+00   1.3020899629078562E+01   1.6100711030328263E+01
    1180  2.3362740899749577E+00   7.9088804771446142E-02   6.7008028763560255E+00   5.0136581376717626E-01   5.0000000000000000E+01   2.1276837298300726E-30   3.0498085986198254E-03   6.0350004748601062E-02   7.7635621622132321E-20   1.3399795746676201E-02   6.5282339283028676E+00   1.3020899628682956E+01   1.6101365554209465E+01
    1190  2.3366527734054325E+00   7.9029604781817073E-02   6.6857669706298024E+00   5.0136580507017947E-01   5.0000000000000000E+01   2.1035023569447445E-30   3.0498086008740382E-03   6.0350004748610575E-02   7.7635750853202338E-20   1.3399795746676203E-02   6.5282338148677121E+00   1.3020899628299148E+01   1.6102001558752466E+01
    1200  2.3396575765357221E+00   7.8561428767496486E-02   6.5676488539205922E+00   5.0136573797146677E-01   5.0000000000000000E+01   1.9207562534641770E-30   3.0498086186052913E-03   6.0350004748685702E-02   7.7636754371067870E-20   1.3399795746676187E-02   6.5282329396685146E+00   1.3020899625280196E+01   1.6107048670436772E+01
    1210  2.3520058218154309E+00   7.6666398458956370E-02   6.1037535664441398E+00   5.0136546382495795E-01   5.0000000000000000E+01   1.3174334039351222E-30   3.0498086888676185E-03   6.0350004748990521E-02   7.7640520573399174E-20   1.3399795746676183E-02   6.5282293640359033E+00   1.3020899613315969E+01   1.6127798703457600E+01
    1220  2.3542072219540375E+00   7.6333392464018698E-02   6.0245622648814230E+00   5.0136541422160885E-01   5.0000000000000000E+01   1.2310444452732655E-30   3.0498087011077480E-03   6.0350004749044388E-02   7.7641154225085620E-20   1.3399795746676189E-02   6.5282287171106317E+00   1.3020899611231583E+01   1.6131499424284392E+01
    1230  2.3552357170717162E+00   7.6178308047955709E-02   5.9879170135744886E+00   5.0136539131275071E-01   5.0000000000000000E+01   1.1925723644193758E-30   3.0498087067902906E-03   6.0350004749069611E-02   7.7641445634629154E-20   1.3399795746676185E-02   6.5282284183315182E+00   1.3020899610263896E+01   1.6133228557833210E+01
    1240  2.3559230542311438E+00   7.6074841739613333E-02   5.9635515509775354E+00   5.0136537619039145E-01   5.0000000000000000E+01   1.1675078281449590E-30   3.0498087105748704E-03   6.0350004749086486E-02   7.7641638719823325E-20   1.3399795746676189E-02   6.5282282211016529E+00   1.3020899609619372E+01   1.6134384183274534E+01
    1250  2.3790657655594636E+00   7.2671943548446652E-02   5.1985488659722652E+00   5.0136488495989118E-01   5.0000000000000000E+01   5.6489400273458228E-31   3.0498088305637942E-03   6.0350004749639599E-02   7.7647232026575365E-20   1.3399795746676196E-02   6.5282218145921647E+00   1.3020899589182227E+01   1.6173319269731550E+01
    1260  2.4654845958667178E+00   6.1256589835052527E-02   3.1134382226957835E+00   5.0136319240057481E-01   5.0000000000000000E+01   3.0648625098569619E-32   3.0498091905369440E-03   6.0350004751550439E-02   7.7659289011787068E-20   1.3399795746676192E-02   6.5281997451860585E+00   1.3020899527827034E+01   1.6319109704985351E+01
    1270  2.4756636521931985E+00   6.0035943550512012E-02   2.9310000568758858E+00   5.0136300637171982E-01   5.0000000000000000E+01   1.9351606449866766E-32   3.0498092258866840E-03   6.0350004751761763E-02   7.7660150582739807E-20   1.3399795746676189E-02   6.5281973199002401E+00   1.3020899521797880E+01   1.6336320490156901E+01
    1280  2.4991758637100907E+00   5.7308592494611850E-02   2.5494179068726739E+00   5.0136258686028545E-01   5.0000000000000000E+01   3.3550677453977553E-40   3.0498093020563605E-03   6.0350004752238166E-02   7.7661807498910486E-20   1.3399795746676199E-02   6.5281918509688621E+00   1.3020899508803000E+01   1.6376103725581629E+01
    1290  2.5440641473972203E+00   5.2441004207178440E-02   1.9534162837337297E+00   5.0136182047212852E-01   5.0000000000000000E+01   3.2530333019557252E-41   3.0498094285383646E-03   6.0350004753103710E-02   7.7663989903810208E-20   1.3399795746676199E-02   6.5281818610808138E+00   1.3020899487212043E+01   1.6452161588952045E+01
    1300  2.6285149030097243E+00   4.4375899071944683E-02   1.1836499946515429E+00   5.0136048448037462E-01   5.0000000000000000E+01   4.6012392566028571E-43   3.0498096125233290E-03   6.0350004754588293E-02   7.7666030525618037E-20   1.3399795746676204E-02   6.5281644495011006E+00   1.3020899455766797E+01   1.6595594802073943E+01
    1310  2.7149435393227410E+00   3.7404580182718805E-02   7.0885296339320103E-01   5.0135923280109296E-01   5.0000000000000000E+01   7.9576104082163717E-44   3.0498097477098586E-03   6.0350004755936819E-02   7.7666836654787057E-20   1.3399795746676213E-02   6.5281481399052401E+00   1.3020899432618112E+01   1.6742789348573087E+01
    1320  2.8013741238491918E+00   3.1528312846317741E-02   4.2450616218116921E-01   5.0135807583231884E-01   5.0000000000000000E+01   4.0374764124707683E-44   3.0498098446899843E-03   6.0350004757132425E-02   7.7667135365191661E-20   1.3399795746676190E-02   6.5281330667860562E+00   1.3020899415973021E+01   1.6890331591005257E+01
    1330  2.8878079034945556E+00   2.6575040430472107E-02   2.5421642491610774E-01   5.0135699642585518E-01   5.0000000000000000E+01   2.0132354025034190E-44   3.0498099144403777E-03   6.0350004758192612E-02   7.7667242580148135E-20   1.3399795746676201E-02   6.5281190059240535E+00   1.3020899403967542E+01   1.7038170352912687E+01
    1340  2.9742416831399181E+00   2.2399954520995288E-02   1.5223805083316236E-01   5.0135598132636749E-01   5.0000000000000000E+01   9.5942601228635732E-45   3.0498099647227866E-03   6.0350004759132853E-02   7.7667279772299041E-20   1.3399795746676201E-02   6.5281057840617365E+00   1.3020899395283035E+01   1.7186254994031618E+01
    1350  3.0606754627852824E+00   1.8880797711499159E-02   9.1168082979408802E-02   5.0135502012748923E-01   5.0000000000000000E+01   4.3569663638537237E-45   3.0498100010517750E-03   6.0350004759966824E-02   7.7667292213544122E-20   1.3399795746676197E-02   6.5280932652289438E+00   1.3020899388982270E+01   1.7334547256837308E+01
    1360  3.1471092424306439E+00   1.5914519910673209E-02   5.4596201860526702E-02   5.0135410461378316E-01   5.0000000000000000E+01   1.8800348799119717E-45   3.0498100273563997E-03   6.0350004760706698E-02   7.7667296217067865E-20   1.3399795746676197E-02   6.5280813421182913E+00   1.3020899384397056E+01   1.7483014776948259E+01
    1370  3.2335430220760086E+00   1.3414260766797975E-02   3.2695052480905713E-02   5.0135322823877726E-01   5.0000000000000000E+01   7.6849012175147092E-46   3.0498100464441341E-03   6.0350004761363180E-02   7.7667297453247112E-20   1.3399795746676203E-02   6.5280699292492566E+00   1.3020899381049576E+01   1.7631630191453578E+01
    1380  3.3199768017213707E+00   1.1306806170067161E-02   1.9579502241932722E-02   5.0135238573552710E-01   5.0000000000000000E+01   2.9662659446014229E-46   3.0498100603260424E-03   6.0350004761945804E-02   7.7667297818519876E-20   1.3399795746676197E-02   6.5280589578697192E+00   1.3020899378597198E+01   1.7780370377409966E+01
    1390  3.4124114128138485E+00   1.0000000000000000E-02   1.1315174088465177E-02   5.0135142480175843E-01   5.0000000000000000E+01   1.4408449628910364E-46   3.0498100710144656E-03   6.0350004762494004E-02   7.7667297928416208E-20   1.3399795746676199E-02   6.5280464446927065E+00   1.3020899376692105E+01   1.7884552160004194E+01
    1400  3.5155407651922430E+00   1.0000000000000000E-02   6.1371656009077090E-03   5.0135008251772073E-01   5.0000000000000000E+01   1.4409437754306875E-46   3.0498100793828137E-03   6.0350004762995270E-02   7.7667297984364159E-20   1.3399795746676192E-02   6.5280289661934132E+00   1.3020899375188309E+01   1.7884552160004194E+01
    1410  3.6537509049732351E+00   1.0000000000000000E-02   2.7033071134400879E-03   5.0134833814110402E-01   5.0000000000000000E+01   1.4411236321726163E-46   3.0498100866542155E-03   6.0350004763508200E-02   7.7667298021093581E-20   1.3399795746676189E-02   6.5280062521793782E+00   1.3020899373868525E+01   1.7884552160004194E+01
    1420  3.7919610447542271E+00   1.0000000000000000E-02   1.1907564215791885E-03   5.0134664540167262E-01   5.0000000000000000E+01   1.4413355160836610E-46   3.0498100911040102E-03   6.0350004763886508E-02   7.7667298037270418E-20   1.3399795746676208E-02   6.5279842107792287E+00   1.3020899373049968E+01   1.7884552160004194E+01
    1430  3.9301711845352232E+00   1.0000000000000000E-02   5.2450602023078948E-04   5.0134499638253416E-01   5.0000000000000000E+01   1.4415626116523751E-46   3.0498100938391262E-03   6.0350004764166416E-02   7.7667298044395420E-20   1.3399795746676197E-02   6.5279627388107144E+00   1.3020899372538780E+01   1.7884552160004194E+01
    1440  4.1305608698558620E+00   1.0000000000000000E-02   1.5976590620983769E-04   5.0134267257572540E-01   5.0000000000000000E+01   1.4418946752691986E-46   3.0498100960436249E-03   6.0350004764448205E-02   7.7667298048221484E-20   1.3399795746676196E-02   6.5279324805448073E+00   1.3020899372117242E+01   1.7884552160004194E+01
    1450  4.3931301007161432E+00   1.0000000000000000E-02   3.3653002794338211E-05   5.0133972594871823E-01   5.0000000000000000E+01   1.4422875372499936E-46   3.0498100973857011E-03   6.0350004764677771E-02   7.7667298049520247E-20   1.3399795746676196E-02   6.5278941126775312E+00   1.3020899371850787E+01   1.7884552160004194E+01
    1460  4.6556993315764243E+00   1.0000000000000000E-02   7.0886500376887025E-06   5.0133687000949845E-01   5.0000000000000000E+01   1.4425395454250736E-46   3.0498100979666539E-03   6.0350004764815460E-02   7.7667298049793814E-20   1.3399795746676197E-02   6.5278569257193064E+00   1.3020899371728941E+01   1.7884552160004194E+01
    1470  4.9182685624367055E+00   1.0000000000000000E-02   1.4931493532362512E-06   5.0133408906619037E-01   5.0000000000000000E+01   1.4425486320245276E-46   3.0498100982345069E-03   6.0350004764901446E-02   7.7667298049851483E-20   1.3399795746676197E-02   6.5278207153063121E+00   1.3020899371668946E+01   1.7884552160004194E+01
    1480  5.3267406066190688E+00   1.0000000000000000E-02   1.3235848336003326E-07   5.0132988700150860E-01   5.0000000000000000E+01   1.4421348021695644E-46   3.0498100984184839E-03   6.0350004764980848E-02   7.7667298049864916E-20   1.3399795746676199E-02   6.5277660006226403E+00   1.3020899371624298E+01   1.7884552160004194E+01
    1490  5.7351149256443961E+00   1.0000000000000000E-02   1.1739567148301816E-08   5.0132580565876050E-01   5.0000000000000000E+01   1.4415143983979526E-46   3.0498100985106441E-03   6.0350004765028963E-02   7.7667298049866072E-20   1.3399795746676199E-02   6.5277128578575745E+00   1.3020899371600514E+01   1.7884552160004194E+01
    1500  6.2045269850124827E+00   1.0000000000000000E-02   7.2493675193394959E-10   5.0132123321599165E-01   5.0000000000000000E+01   1.4407537934607492E-46   3.0498100985839548E-03   6.0350004765066460E-02   7.7667298049866216E-20   1.3399795746676203E-02   6.5276533205310763E+00   1.3020899371581738E+01   1.7884552160004194E+01
    1510  6.8159645510089755E+00   1.0000000000000000E-02   1.9277296193717922E-11   5.0131542790156791E-01   5.0000000000000000E+01   1.4397553968529078E-46   3.0498100986649248E-03   6.0350004765101779E-02   7.7667298049866216E-20   1.3399795746676197E-02   6.5275777301063673E+00   1.3020899371561999E+01   1.7884552160004194E+01
    1520  7.4268991005198775E+00   1.0000000000000000E-02   5.1414788123241350E-13   5.0130975900582020E-01   5.0000000000000000E+01   1.4387579432400647E-46   3.0498100987409486E-03   6.0350004765128737E-02   7.7667298049866216E-20   1.3399795746676194E-02   6.5275039159766521E+00   1.3020899371544548E+01   1.7884552160004194E+01
    1530  8.0375460125789520E+00   1.0000000000000000E-02   1.3736339764307404E-14   5.0130419609420118E-01   5.0000000000000000E+01   1.4377616290260027E-46   3.0498100988148686E-03   6.0350004765150234E-02   7.7667298049866216E-20   1.3399795746676196E-02   6.5274314818562544E+00   1.3020899371528378E+01   1.7884552160004194E+01
    1540  8.8088386163379084E+00   1.0000000000000000E-02   1.4150785884122417E-16   5.0129728729253786E-01   5.0000000000000000E+01   1.4365042066753320E-46   3.0498100989062400E-03   6.0350004765171605E-02   7.7667298049866216E-20   1.3399795746676210E-02   6.5273415230355614E+00   1.3020899371509243E+01   1.7884552160004194E+01
    1550  9.7333174763713988E+00   1.0000000000000000E-02   5.8753601046877403E-19   5.0128914091923371E-01   5.0000000000000000E+01   1.4349985103263916E-46   3.0498100990132612E-03   6.0350004765190868E-02   7.7667298049866204E-20   1.3399795746676213E-02   6.5272354499179652E+00   1.3020899371487850E+01   1.7884552160004194E+01
    1560  1.0715792756807923E+01   1.0000000000000000E-02   1.7293047755266242E-21   5.0128060805227992E-01   5.0000000000000000E+01   1.4334000896432748E-46   3.0498100991242436E-03   6.0350004765205745E-02   7.7667298049866204E-20   1.3399795746676206E-02   6.5271243443054923E+00   1.3020899371466525E+01   1.7884552160004194E+01
    1570  1.1769248544998726E+01   1.0000000000000000E-02   3.3407244140633903E-24   5.0127157220741936E-01   5.0000000000000000E+01   1.4316881744510722E-46   3.0498100992402463E-03   6.0350004765217125E-02   7.7667298049866204E-20   1.3399795746676206E-02   6.5270066894681635E+00   1.3020899371444893E+01   1.7884552160004194E+01
    1580  1.2988325526670929E+01   1.0000000000000000E-02   2.4161165316330729E-27   5.0126123592220984E-01   5.0000000000000000E+01   1.4297096861634229E-46   3.0498100993707642E-03   6.0350004765226145E-02   7.7667298049866204E-20   1.3399795746676201E-02   6.5268721017269309E+00   1.3020899371421256E+01   1.7884552160004194E+01
    1590  1.4207402508343131E+01   1.0000000000000000E-02   1.7474111512628877E-30   5.0125100828540958E-01   5.0000000000000000E+01   1.4277339320018033E-46   3.0498100994974802E-03   6.0350004765232154E-02   7.7667298049866204E-20   1.3399795746676201E-02   6.5267389286862816E+00   1.3020899371398770E+01   1.7884552160004194E+01
    1600  1.5619800512143962E+01   1.0000000000000000E-02   4.0143666970286684E-34   5.0123927895705711E-01   5.0000000000000000E+01   1.4254483071552961E-46   3.0498100996396845E-03   6.0350004765236664E-02   7.7667298049866204E-20   1.3399795746676201E-02   6.5265862022698604E+00   1.3020899371373879E+01   1.7884552160004194E+01
    1610  1.7322180049137735E+01   1.0000000000000000E-02   1.6510341172992211E-38   5.0122529627900037E-01   5.0000000000000000E+01   1.4226983187140126E-46   3.0498100998047938E-03   6.0350004765239891E-02   7.7667298049866192E-20   1.3399795746676208E-02   6.5264041352119202E+00   1.3020899371345346E+01   1.7884552160004194E+01
    1620  1.9024559586131510E+01   1.0000000000000000E-02   6.7903952533873676E-43   5.0121146938268157E-01   5.0000000000000000E+01   1.4199536355766036E-46   3.0498100999633701E-03   6.0350004765241751E-02   7.7667298049866168E-20   1.3399795746676201E-02   6.5262240965729843E+00   1.3020899371318137E+01   1.7884552160004194E+01
    1630  2.1133158728985443E+01   1.0000000000000000E-02   2.5089128545180927E-48   5.0119454953294584E-01   5.0000000000000000E+01   1.4165614414522848E-46   3.0498101001510498E-03   6.0350004765243020E-02   7.7667298049866144E-20   1.3399795746676206E-02   6.5260037848964743E+00   1.3020899371286102E+01   1.7884552160004194E+01
    1640  2.3341983551851545E+01   1.0000000000000000E-02   5.1152099911852339E-54   5.0117705823509062E-01   5.0000000000000000E+01   1.4130167165401053E-46   3.0498101003378847E-03   6.0350004765243666E-02   7.7667298049866144E-20   1.3399795746676206E-02   6.5257760324516498E+00   1.3020899371254316E+01   1.7884552160004194E+01
    1650  2.5550043890423595E+01   1.0000000000000000E-02   1.0476371921548327E-59   5.0115980296930174E-01   5.0000000000000000E+01   1.4094820838416932E-46   3.0498101005151951E-03   6.0350004765243985E-02   7.7667298049866144E-20   1.3399795746676199E-02   6.5255513533574394E+00   1.3020899371224207E+01   1.7884552160004194E+01
    1660  2.7858690839487917E+01   1.0000000000000000E-02   1.1814513619847644E-65   5.0114200181434032E-01   5.0000000000000000E+01   1.4057959175693117E-46   3.0498101006909695E-03   6.0350004765244145E-02   7.7667298049866144E-20   1.3399795746676204E-02   6.5253195662954031E+00   1.3020899371194375E+01   1.7884552160004194E+01
    1670  3.1075886283782229E+01   1.0000000000000000E-02   6.0801782078076866E-74   5.0111759897128605E-01   5.0000000000000000E+01   1.4006754156233939E-46   3.0498101009203233E-03   6.0350004765244221E-02   7.7667298049866144E-20   1.3399795746676204E-02   6.5250018193126191E+00   1.3020899371155489E+01   1.7884552160004194E+01
    1680  3.5189001535591771E+01   1.0000000000000000E-02   1.5390322922432412E-84   5.0108706373269740E-01   5.0000000000000000E+01   1.3941564746571674E-46   3.0498101011891370E-03   6.0350004765244269E-02   7.7667298049866144E-20   1.3399795746676189E-02   6.5246042230214432E+00   1.3020899371109888E+01   1.7884552160004194E+01
    1690  3.9805608444672316E+01   1.0000000000000000E-02   1.9652939143181807E-96   5.0105364124461560E-01   5.0000000000000000E+01   1.3868758533281037E-46   3.0498101014614287E-03   6.0350004765244311E-02   7.7667298049866144E-20   1.3399795746676208E-02   6.5241690321449406E+00   1.3020899371063733E+01   1.7884552160004194E+01
    1700  4.5108957794369346E+01   1.0000000000000000E-02   1.0000000000000000E-99   5.0101631937192115E-01   5.0000000000000000E+01   1.3785594587761960E-46   3.0498101017397655E-03   6.0350004765244304E-02   7.7667298049866144E-20   1.3399795746676210E-02   6.5236830677733417E+00   1.3020899371016545E+01   1.7884552160004194E+01
    1710  5.0823478143391078E+01   1.0000000000000000E-02   1.0000000000000000E-99   5.0097733238811193E-01   5.0000000000000000E+01   1.3696542910694252E-46   3.0498101020033645E-03   6.0350004765244304E-02   7.7667298049866132E-20   1.3399795746676215E-02   6.5231754221587686E+00   1.3020899370971835E+01   1.7884552160004194E+01
    1720  6.5661651165995366E+01   1.0000000000000000E-02   1.0000000000000000E-99   5.0088190942343447E-01   5.0000000000000000E+01   1.3468116555243630E-46   3.0498101025390233E-03   6.0350004765244297E-02   7.7667298049866144E-20   1.3399795746676204E-02   6.5219329292944392E+00   1.3020899370881015E+01   1.7884552160004194E+01
    1730  8.1964176104189633E+01   1.0000000000000000E-02   1.0000000000000000E-99   5.0078552671968779E-01   5.0000000000000000E+01   1.3221547519131456E-46   3.0498101029501129E-03   6.0350004765244318E-02   7.7667298049866144E-20   1.3399795746676210E-02   6.5206779397748811E+00   1.3020899370811314E+01   1.7884552160004194E+01
    1740  1.1151069139287527E+02   1.0000000000000000E-02   1.0000000000000000E-99   5.0063108209658203E-01   5.0000000000000000E+01   1.2786535645341701E-46   3.0498101033897243E-03   6.0350004765244325E-02   7.7667298049866144E-20   1.3399795746676218E-02   6.5186669318448267E+00   1.3020899370736771E+01   1.7884552160004194E+01
    1750  1.5104069204441345E+02   1.0000000000000000E-02   1.0000000000000000E-99   5.0045725935375340E-01   5.0000000000000000E+01   1.2227020257085997E-46   3.0498101036627108E-03   6.0350004765244325E-02   7.7667298049866144E-20   1.3399795746676216E-02   6.5164036033824155E+00   1.3020899370690492E+01   1.7884552160004194E+01
    1760  1.9461014530732484E+02   1.0000000000000000E-02   1.0000000000000000E-99   5.0029999650105750E-01   5.0000000000000000E+01   1.1638784998760056E-46   3.0498101037822437E-03   6.0350004765244318E-02   7.7667298049866132E-20   1.3399795746676216E-02   6.5143558995957171E+00   1.3020899370670225E+01   1.7884552160004194E+01
    1770  2.3918946172307955E+02   1.0000000000000000E-02   1.0000000000000000E-99   5.0016792580734581E-01   5.0000000000000000E+01   1.1066224550668605E-46   3.0498101038283557E-03   6.0350004765244318E-02   7.7667298049866132E-20   1.3399795746676220E-02   6.5126362203818111E+00   1.3020899370662422E+01   1.7884552160004194E+01
    1780  2.8420156616184454E+02   1.0000000000000000E-02   1.0000000000000000E-99   5.0005755959723897E-01   5.0000000000000000E+01   1.0516692662883457E-46   3.0498101038456816E-03   6.0350004765244318E-02   7.7667298049866144E-20   1.3399795746676216E-02   6.5111991530668254E+00   1.3020899370659482E+01   1.7884552160004194E+01
    1790  3.3094482269265137E+02   1.0000000000000000E-02   1.0000000000000000E-99   4.9996202132934681E-01   5.0000000000000000E+01   9.9749418044357776E-47   3.0498101038522528E-03   6.0350004765244325E-02   7.7667298049866120E-20   1.3399795746676225E-02   6.5099551588959104E+00   1.3020899370658386E+01   1.7884552160004194E+01
    1800  3.7768807922345809E+02   1.0000000000000000E-02   1.0000000000000000E-99   4.9988165030994436E-01   5.0000000000000000E+01   9.4610983881884956E-47   3.0498101038546137E-03   6.0350004765244332E-02   7.7667298049866144E-20   1.3399795746676227E-02   6.5089086559413580E+00   1.3020899370657972E+01   1.7884552160004194E+01
    1810  4.2443133575426458E+02   1.0000000000000000E-02   1.0000000000000000E-99   4.9981318849074780E-01   5.0000000000000000E+01   8.9737248062116552E-47   3.0498101038554624E-03   6.0350004765244318E-02   7.7667298049866144E-20   1.3399795746676229E-02   6.5080172214841614E+00   1.3020899370657824E+01   1.7884552160004194E+01
    1820  4.7117459228507118E+02   1.0000000000000000E-02   1.0000000000000000E-99   4.9975413877818176E-01   5.0000000000000000E+01   8.5114575066835267E-47   3.0498101038557704E-03   6.0350004765244318E-02   7.7667298049866144E-20   1.3399795746676232E-02   6.5072483411201265E+00   1.3020899370657787E+01   1.7884552160004194E+01
    1830  5.1791784881587785E+02   1.0000000000000000E-02   1.0000000000000000E-99   4.9970257479987562E-01   5.0000000000000000E+01   8.0730031790068564E-47   3.0498101038558818E-03   6.0350004765244311E-02   7.7667298049866120E-20   1.3399795746676223E-02   6.5065769317484774E+00   1.3020899370657782E+01   1.7884552160004194E+01
    1840  5.6466110534668485E+02   1.0000000000000000E-02   1.0000000000000000E-99   4.9965700207230318E-01   5.0000000000000000E+01   7.6571351354427999E-47   3.0498101038559217E-03   6.0350004765244311E-02   7.7667298049866120E-20   1.3399795746676220E-02   6.5059835338496130E+00   1.3020899370657766E+01   1.7884552160004194E+01
    1850  6.3398268631294525E+02   1.0000000000000000E-02   1.0000000000000000E-99   4.9959818818019092E-01   5.0000000000000000E+01   7.0804407662820009E-47   3.0498101038559399E-03   6.0350004765244318E-02   7.7667298049866120E-20   1.3399795746676223E-02   6.5052177240799942E+00   1.3020899370657752E+01   1.7884552160004194E+01
    1860  7.2588259171465904E+02   1.0000000000000000E-02   1.0000000000000000E-99   4.9953190121232005E-01   5.0000000000000000E+01   6.3828857378476237E-47   3.0498101038559438E-03   6.0350004765244325E-02   7.7667298049866120E-20   1.3399795746676206E-02   6.5043546081430792E+00   1.3020899370657737E+01   1.7884552160004194E+01
    1870  8.1778249711637284E+02   1.0000000000000000E-02   1.0000000000000000E-99   4.9947493294963508E-01   5.0000000000000000E+01   5.7540528460366099E-47   3.0498101038559438E-03   6.0350004765244318E-02   7.7667298049866120E-20   1.3399795746676227E-02   6.5036128301284775E+00   1.3020899370657743E+01   1.7884552160004194E+01
    1880  9.0968240251808663E+02   1.0000000000000000E-02   1.0000000000000000E-99   4.9942453931823122E-01   5.0000000000000000E+01   5.1871716829677673E-47   3.0498101038559438E-03   6.0350004765244318E-02   7.7667298049866120E-20   1.3399795746676213E-02   6.5029566597260544E+00   1.3020899370657750E+01   1.7884552160004194E+01
    1890  1.0015823079198004E+03   1.0000000000000000E-02   1.0000000000000000E-99   4.9937894961002999E-01   5.0000000000000000E+01   4.6761388517861865E-47   3.0498101038559438E-03   6.0350004765244332E-02   7.7667298049866120E-20   1.3399795746676210E-02   6.5023630407241315E+00   1.3020899370657727E+01   1.7884552160004194E+01
    1900  1.0934822133215148E+03   1.0000000000000000E-02   1.0000000000000000E-99   4.9933700656287333E-01   5.0000000000000000E+01   4.2154522536785892E-47   3.0498101038559434E-03   6.0350004765244325E-02   7.7667298049866120E-20   1.3399795746676208E-02   6.5018169045286545E+00   1.3020899370657757E+01   1.7884552160004194E+01
    1910  1.1853821187232288E+03   1.0000000000000000E-02   1.0000000000000000E-99   4.9929794302682950E-01   5.0000000000000000E+01   3.8001518488391576E-47   3.0498101038559425E-03   6.0350004765244311E-02   7.7667298049866120E-20   1.3399795746676204E-02   6.5013082621575444E+00   1.3020899370657752E+01   1.7884552160004194E+01
    1920  1.2875541112080055E+03   1.0000000000000000E-02   1.0000000000000000E-99   4.9925728353815702E-01   5.0000000000000000E+01   3.3865403796957037E-47   3.0498101038559425E-03   6.0350004765244290E-02   7.7667298049866120E-20   1.3399795746676220E-02   6.5007788390478893E+00   1.3020899370657757E+01   1.7884552160004194E+01
    1930  1.4051342343173746E+03   1.0000000000000000E-02   1.0000000000000000E-99   4.9921350453757513E-01   5.0000000000000000E+01   2.9662610082909386E-47   3.0498101038559421E-03   6.0350004765244290E-02   7.7667298049866120E-20   1.3399795746676206E-02   6.5002087970876312E+00   1.3020899370657732E+01   1.7884552160004194E+01
    1940  1.5227143574267438E+03   1.0000000000000000E-02   1.0000000000000000E-99   4.9917246930310988E-01   5.0000000000000000E+01   2.5981395119516579E-47   3.0498101038559412E-03   6.0350004765244283E-02   7.7667298049866120E-20   1.3399795746676197E-02   6.4996744814298388E+00   1.3020899370657753E+01   1.7884552160004194E+01
    1950  1.6402944805361130E+03   1.0000000000000000E-02   1.0000000000000000E-99   4.9913384958475843E-01   5.0000000000000000E+01   2.2757029488290756E-47   3.0498101038559399E-03   6.0350004765244290E-02   7.7667298049866120E-20   1.3399795746676213E-02   6.4991716179642305E+00   1.3020899370657743E+01   1.7884552160004194E+01
    1960  1.7578746036454822E+03   1.0000000000000000E-02   1.0000000000000000E-99   4.9909740939827990E-01   5.0000000000000000E+01   1.9932816877178184E-47   3.0498101038559408E-03   6.0350004765244283E-02   7.7667298049866120E-20   1.3399795746676197E-02   6.4986971339637654E+00   1.3020899370657736E+01   1.7884552160004194E+01
    1970  1.9286901905626266E+03   1.0000000000000000E-02   1.0000000000000000E-99   4.9904806344097813E-01   5.0000000000000000E+01   1.6453809672919719E-47   3.0498101038559421E-03   6.0350004765244290E-02   7.7667298049866120E-20   1.3399795746676208E-02   6.4980546052203820E+00   1.3020899370657752E+01   1.7884552160004194E+01
    1980  2.1349960866849538E+03   1.0000000000000000E-02   1.0000000000000000E-99   4.9899350161356876E-01   5.0000000000000000E+01   1.3055516370575188E-47   3.0498101038559421E-03   6.0350004765244263E-02   7.7667298049866096E-20   1.3399795746676215E-02   6.4973441611572920E+00   1.3020899370657736E+01   1.7884552160004194E+01
    1990  2.3413019828072797E+03   1.0000000000000000E-02   1.0000000000000000E-99   4.9894385558169146E-01   5.0000000000000000E+01   1.0359090757132306E-47   3.0498101038559425E-03   6.0350004765244263E-02   7.7667298049866072E-20   1.3399795746676213E-02   6.4966977251730587E+00   1.3020899370657750E+01   1.7884552160004194E+01
    2000  2.5476078789296057E+03   1.0000000000000000E-02   1.0000000000000000E-99   4.9889862826724363E-01   5.0000000000000000E+01   8.2195723454005541E-48   3.0498101038559417E-03   6.0350004765244263E-02   7.7667298049866072E-20   1.3399795746676211E-02   6.4961088248637333E+00   1.3020899370657737E+01   1.7884552160004194E+01
    2010  2.7539137750519317E+03   1.0000000000000000E-02   1.0000000000000000E-99   4.9885738666988827E-01   5.0000000000000000E+01   6.5219401128189798E-48   3.0498101038559417E-03   6.0350004765244263E-02   7.7667298049866096E-20   1.3399795746676222E-02   6.4955718221755063E+00   1.3020899370657746E+01   1.7884552160004194E+01
    2020  2.9602196711742577E+03   1.0000000000000000E-02   1.0000000000000000E-99   4.9881974591808498E-01   5.0000000000000000E+01   5.1749289437179873E-48   3.0498101038559430E-03   6.0350004765244263E-02   7.7667298049866096E-20   1.3399795746676225E-02   6.4950817057347958E+00   1.3020899370657764E+01   1.7884552160004194E+01
    2030  3.1665255672965836E+03   1.0000000000000000E-02   1.0000000000000000E-99   4.9878536075542307E-01   5.0000000000000000E+01   4.1061231948287667E-48   3.0498101038559434E-03   6.0350004765244263E-02   7.7667298049866096E-20   1.3399795746676211E-02   6.4946339799926145E+00   1.3020899370657755E+01   1.7884552160004194E+01
    2040  3.3728314634189096E+03   1.0000000000000000E-02   1.0000000000000000E-99   4.9875392016278242E-01   5.0000000000000000E+01   3.2580636129464157E-48   3.0498101038559434E-03   6.0350004765244256E-02   7.7667298049866072E-20   1.3399795746676222E-02   6.4942245952003139E+00   1.3020899370657741E+01   1.7884552160004194E+01
    2050  3.7361020617292852E+03   1.0000000000000000E-02   1.0000000000000000E-99   4.9870513044494663E-01   5.0000000000000000E+01   2.1808872857236763E-48   3.0498101038559434E-03   6.0350004765244263E-02   7.7667298049866072E-20   1.3399795746676211E-02   6.4935893091950252E+00   1.3020899370657744E+01   1.7884552160004194E+01
    2060  4.3968549997709997E+03   1.0000000000000000E-02   1.0000000000000000E-99   4.9863341581870663E-01   5.0000000000000000E+01   1.0585577491342079E-48   3.0498101038559434E-03   6.0350004765244263E-02   7.7667298049866072E-20   1.3399795746676213E-02   6.4926555202647807E+00   1.3020899370657736E+01   1.7884552160004194E+01
    2070  5.0576079378127142E+03   1.0000000000000000E-02   1.0000000000000000E-99   4.9857818663336145E-01   5.0000000000000000E+01   5.1380211879233102E-49   3.0498101038559430E-03   6.0350004765244263E-02   7.7667298049866072E-20   1.3399795746676211E-02   6.4919363866011786E+00   1.3020899370657737E+01   1.7884552160004194E+01
    2080  5.7183608758544287E+03   1.0000000000000000E-02   1.0000000000000000E-99   4.9853498100591426E-01   5.0000000000000000E+01   2.4938896105706809E-49   3.0498101038559430E-03   6.0350004765244263E-02   7.7667298049866072E-20   1.3399795746676216E-02   6.4913738104748138E+00   1.3020899370657764E+01   1.7884552160004194E+01
    2090  6.3791138138961433E+03   1.0000000000000000E-02   1.0000000000000000E-99   4.9850054930807181E-01   5.0000000000000000E+01   1.2104826278900925E-49   3.0498101038559430E-03   6.0350004765244263E-02   7.7667298049866072E-20   1.3399795746676220E-02   6.4909254788027342E+00   1.3020899370657757E+01   1.7884552160004194E+01
    2100  7.0475129896239378E+03   1.0000000000000000E-02   1.0000000000000000E-99   4.9847223247289379E-01   5.0000000000000000E+01   5.8284016604595980E-50   3.0498101038559430E-03   6.0350004765244263E-02   7.7667298049866072E-20   1.3399795746676218E-02   6.4905567681419489E+00   1.3020899370657760E+01   1.7884552160004194E+01
    2110  7.7847283045264485E+03   1.0000000000000000E-02   1.0000000000000000E-99   4.9844649656231521E-01   5.0000000000000000E+01   2.6105173185879437E-50   3.0498101038559438E-03   6.0350004765244263E-02   7.7667298049866072E-20   1.3399795746676218E-02   6.4902216634406029E+00   1.3020899370657753E+01   1.7884552160004194E+01
    2120  9.0421835887739071E+03   1.0000000000000000E-02   1.0000000000000000E-99   4.9841153407233790E-01   5.0000000000000000E+01   6.9428744023519978E-51   3.0498101038559443E-03   6.0350004765244256E-02   7.7667298049866048E-20   1.3399795746676223E-02   6.4897664203775589E+00   1.3020899370657744E+01   1.7884552160004194E+01
    2130  1.0672435779385807E+04   1.0000000000000000E-02   1.0000000000000000E-99   4.9837554305390747E-01   5.0000000000000000E+01   1.2722223059231585E-51   3.0498101038559443E-03   6.0350004765244256E-02   7.7667298049866024E-20   1.3399795746676227E-02   6.4892977849490512E+00   1.3020899370657760E+01   1.7884552160004194E+01
    2140  1.2511880402395229E+04   1.0000000000000000E-02   1.0000000000000000E-99   4.9834112474883041E-01   5.0000000000000000E+01   1.9155965905518957E-52   3.0498101038559443E-03   6.0350004765244263E-02   7.7667298049866024E-20   1.3399795746676229E-02   6.4888496276628143E+00   1.3020899370657746E+01   1.7884552160004194E+01
    2150  1.4560517457802172E+04   1.0000000000000000E-02   1.0000000000000000E-99   4.9830620105088091E-01   5.0000000000000000E+01   2.3700770102113439E-53   3.0498101038559443E-03   6.0350004765244269E-02   7.7667298049866024E-20   1.3399795746676223E-02   6.4883948897068660E+00   1.3020899370657755E+01   1.7884552160004194E+01
    2160  1.6609154513209116E+04   1.0000000000000000E-02   1.0000000000000000E-99   4.9827282042876725E-01   5.0000000000000000E+01   2.9323841261974561E-54   3.0498101038559443E-03   6.0350004765244263E-02   7.7667298049866024E-20   1.3399795746676229E-02   6.4879602439860653E+00   1.3020899370657764E+01   1.7884552160004194E+01
    2170  1.8657791568616060E+04   1.0000000000000000E-02   1.0000000000000000E-99   4.9824013593354682E-01   5.0000000000000000E+01   3.6281001108938821E-55   3.0498101038559443E-03   6.0350004765244263E-02   7.7667298049866024E-20   1.3399795746676220E-02   6.4875346624634638E+00   1.3020899370657750E+01   1.7884552160004194E+01
    2180  2.0706428624023003E+04   1.0000000000000000E-02   1.0000000000000000E-99   4.9820780986595481E-01   5.0000000000000000E+01   4.4888765755724356E-56   3.0498101038559443E-03   6.0350004765244283E-02   7.7667298049866024E-20   1.3399795746676232E-02   6.4871137479909438E+00   1.3020899370657762E+01   1.7884552160004194E+01
    2190  2.2755065679429947E+04   1.0000000000000000E-02   1.0000000000000000E-99   4.9817570494780627E-01   5.0000000000000000E+01   5.5538745610187657E-57   3.0498101038559443E-03   6.0350004765244283E-02   7.7667298049866024E-20   1.3399795746676236E-02   6.4866957130830682E+00   1.3020899370657746E+01   1.7884552160004194E+01
    2200  2.4803702734836890E+04   1.0000000000000000E-02   1.0000000000000000E-99   4.9814376352861039E-01   5.0000000000000000E+01   6.8715461697892411E-58   3.0498101038559443E-03   6.0350004765244290E-02   7.7667298049866024E-20   1.3399795746676232E-02   6.4862798070786098E+00   1.3020899370657762E+01   1.7884552160004194E+01
    2210  2.6852339790243834E+04   1.0000000000000000E-02   1.0000000000000000E-99   4.9811196003767999E-01   5.0000000000000000E+01   8.5018388954906059E-59   3.0498101038559443E-03   6.0350004765244269E-02   7.7667298049866024E-20   1.3399795746676230E-02   6.4858656970242050E+00   1.3020899370657762E+01   1.7884552160004194E+01
    2220  2.8900976845650777E+04   1.0000000000000000E-02   1.0000000000000000E-99   4.9808028209718302E-01   5.0000000000000000E+01   1.0518922935082874E-59   3.0498101038559443E-03   6.0350004765244269E-02   7.7667298049866024E-20   1.3399795746676241E-02   6.4854532217493519E+00   1.3020899370657768E+01   1.7884552160004194E+01
    2230  3.0949613901057721E+04   1.0000000000000000E-02   1.0000000000000000E-99   4.9804872292289781E-01   5.0000000000000000E+01   1.3014565563327755E-60   3.0498101038559443E-03   6.0350004765244263E-02   7.7667298049866024E-20   1.3399795746676244E-02   6.4850422929173970E+00   1.3020899370657780E+01   1.7884552160004194E+01
    2233  3.1536000000000000E+04   1.0000000000000000E-02   1.0000000000000000E-99   4.9803971082335957E-01   5.0000000000000000E+01   7.1382504758038974E-61   3.0498101038559443E-03   6.0350004765244263E-02   7.7667298049866024E-20   1.3399795746676239E-02   6.4849249472763715E+00   1.3020899370657776E+01   1.7884552160004194E+01
