# 1:iteration 2:time[s], 3:T[GK], 4:rho[g/cm3], 5:Ye 
# 6:R[km], 7:Y_n, 8:Y_p, 9:Y_alpha, 10:Y_lights 
# 11:Y_heavies 12:<Z> 13:<A> 14:entropy [kB/baryon] (15:Sn [MeV])
       0  1.4705612891743311E-01   5.9999999999848352E+00   2.9257388342496618E+06   5.0199999999999878E-01   5.0000000000000000E+01   4.2913279238880424E-04   2.0447057403406282E-02   1.8499838416382891E-01   2.8042476101641585E-08   4.3872299662385816E-03   2.3874994065522595E+00   4.7559749134507143E+00   2.7018514806989650E+01
      10  1.4705613096343312E-01   5.9999999757103639E+00   2.9257387987392796E+06   5.0200000000004696E-01   5.0000000000000000E+01   4.2913273097852428E-04   2.0447058051855552E-02   1.8499838054201775E-01   2.8042473313043819E-08   4.3872302209164724E-03   2.3874994381201757E+00   4.7559749763360974E+00   2.7018514776145285E+01
      20  1.4705822606743310E-01   5.9999751187029631E+00   2.9257024363342910E+06   5.0199999983862620E-01   5.0000000000000000E+01   4.2906985264248127E-04   2.0447722002318338E-02   1.8499467163940414E-01   2.8039617913196582E-08   4.3874910182528796E-03   2.3875317655639834E+00   4.7560393751625405E+00   2.7018483170091866E+01
      30  1.4920361256343312E-01   5.9745755099598572E+00   2.8887035036819195E+06   5.0199983410555049E-01   5.0000000000000000E+01   3.6930930716722163E-04   2.1127733202131932E-02   1.8115505870102833E-01   2.5252941808241842E-08   4.6575816738736184E-03   2.4214969892942015E+00   4.8237007759350163E+00   2.6985926548194541E+01
      40  1.6420070254347427E-01   5.7999999912867271E+00   2.6428090410172176E+06   5.0199868342877185E-01   5.0000000000000000E+01   1.3062441153010118E-04   2.5614630511215424E-02   1.5251178617513872E-01   1.1874468873575442E-08   6.6847574245806046E-03   2.7143601674026621E+00   5.4071061478945044E+00   2.6548980727172399E+01
      50  1.6420096443147425E-01   5.7999969877262147E+00   2.6428049352416424E+06   5.0199868340551557E-01   5.0000000000000000E+01   1.3067410567817281E-04   2.5615870362941467E-02   1.5251128423097718E-01   1.1879540899004646E-08   6.6847559016349027E-03   2.7143486301042894E+00   5.4070831654182658E+00   2.6548991260042815E+01
      60  1.6446913774347427E-01   5.7969221578963221E+00   2.6386039667635160E+06   5.0199865967531654E-01   5.0000000000000000E+01   1.2888988143474551E-04   2.5608330133152866E-02   1.5244421255831439E-01   1.1732923386274556E-08   6.6881893045423989E-03   2.7154197791798076E+00   5.4092171899939165E+00   2.6546427581781444E+01
      70  1.7042352753387791E-01   5.7290684761641968E+00   2.5470287347471025E+06   5.0199814005012922E-01   5.0000000000000000E+01   8.8298138670007091E-05   2.6637361515983792E-02   1.4360437555027186E-01   8.6825511015891032E-09   7.3102824481706312E-03   2.8259244418500753E+00   5.6293524075874117E+00   2.6403342358322732E+01
      80  1.7692562432029205E-01   5.6558802138745055E+00   2.4506563419336057E+06   5.0199758594616284E-01   5.0000000000000000E+01   5.7780463958529086E-05   2.7797553917883553E-02   1.3269622526953104E-01   6.1872035590575870E-09   8.0854814801443013E-03   2.9767930234060382E+00   5.9298950896636127E+00   2.6227976245056730E+01
      90  1.8350281788865594E-01   5.5827978404220513E+00   2.3568802145024799E+06   5.0199704630919018E-01   5.0000000000000000E+01   3.7904987052801061E-05   2.8673967572506724E-02   1.2255221113267779E-01   4.3763831359676356E-09   8.8061247061249487E-03   3.1361053228286324E+00   6.2472585116320207E+00   2.6056552748174912E+01
     100  1.9068638721862530E-01   5.5040562417758077E+00   2.2585535602366030E+06   5.0199648826962850E-01   5.0000000000000000E+01   2.4136486773541167E-05   2.9297491774326129E-02   1.1288970877367846E-01   2.9924602171057591E-09   9.4897208776511203E-03   3.3091165300706860E+00   6.5919117021905240E+00   2.5882171059116988E+01
     110  1.9788984796993891E-01   5.4262118060792321E+00   2.1640736197892274E+06   5.0199596728637896E-01   5.0000000000000000E+01   1.5482928250720753E-05   2.9621444727609025E-02   1.0481821446698548E-01   2.0431131112741865E-09   1.0056446685836282E-02   3.4737418938333247E+00   6.9198601506037116E+00   2.5723838038291209E+01
     120  2.0485108473692040E-01   5.3520311910922356E+00   2.0765276221005740E+06   5.0199550238265100E-01   5.0000000000000000E+01   1.0146032581782479E-05   2.9709468496180263E-02   9.8462672352645428E-02   1.4133594218182105E-09   1.0498581875539688E-02   3.6197891011656971E+00   7.2107998588772180E+00   2.5586546196729596E+01
     130  2.1155290302402541E-01   5.2815732893013436E+00   1.9955919206070085E+06   5.0199509062133407E-01   5.0000000000000000E+01   6.7791301334155348E-06   2.9642807974726616E-02   9.3463218863841430E-02   9.9135659767869600E-10   1.0843049210713884E-02   3.7474665533201605E+00   7.4651458157474755E+00   2.5466907700700578E+01
     140  2.1791721753699844E-01   5.2155225058585195E+00   1.9216543640021994E+06   5.0199473096006619E-01   5.0000000000000000E+01   4.6283584042266066E-06   2.9485061751477300E-02   8.9508898592704902E-02   7.0761848108887412E-10   1.1112717917136731E-02   3.8581945049335227E+00   7.6857270867628156E+00   2.5362240803904776E+01
     150  2.2422848774500354E-01   5.1508379864168239E+00   1.8510385977679694E+06   5.0199440324996525E-01   5.0000000000000000E+01   3.1688594227967491E-06   2.9267414416901054E-02   8.6171959825118841E-02   5.0607653800126050E-10   1.1337508002027928E-02   3.9595693240131347E+00   7.8876762288384130E+00   2.5264969395545759E+01
     160  2.3018788688542630E-01   5.0904963748907885E+00   1.7867434662187742E+06   5.0199411812791128E-01   5.0000000000000000E+01   2.2127915022522940E-06   2.9023715399901246E-02   8.3431994760366765E-02   3.6834064745963931E-10   1.1519339353635206E-02   4.0490821244290567E+00   8.0659951489806332E+00   2.5177581677759466E+01
     170  2.3609249800626628E-01   5.0314067201302324E+00   1.7252422357456663E+06   5.0199385754055803E-01   5.0000000000000000E+01   1.5471338482118378E-06   2.8755709407659754E-02   8.1027675658853285E-02   2.6851605745273954E-10   1.1676085016249366E-02   4.1329627228096397E+00   8.2330942077016864E+00   2.5094216599207321E+01
     180  2.4175901541497274E-01   4.9753448331205687E+00   1.6682124738240114E+06   5.0199362614656695E-01   5.0000000000000000E+01   1.0948903214088292E-06   2.8478685623627167E-02   7.8954937303724784E-02   1.9798006766144209E-10   1.1808516044151130E-02   4.2098290113030652E+00   8.3862200421257835E+00   2.5016484976804577E+01
     190  2.4723711735236303E-01   4.9217409675991872E+00   1.6148718494861217E+06   5.0199341904361294E-01   5.0000000000000000E+01   7.8191702289870185E-07   2.8194274687268796E-02   7.7132703225906749E-02   1.4725876025323372E-10   1.1922470254599776E-02   4.2813853589036750E+00   8.5287678951571877E+00   2.4942939695730932E+01
     200  2.5276684803358457E-01   4.8682176015926730E+00   1.5627580759907356E+06   5.0199322529620360E-01   5.0000000000000000E+01   5.5523088530957869E-07   2.7890679617963109E-02   7.5447982998165117E-02   1.0907640857951507E-10   1.2025502029594197E-02   4.3513582433043414E+00   8.6681612836109494E+00   2.4869909902407286E+01
     210  2.5847724172437120E-01   4.8135563857660637E+00   1.5107061443577243E+06   5.0199304007482104E-01   5.0000000000000000E+01   3.8881392640509716E-07   2.7558656659653388E-02   7.3850512503231630E-02   7.9891036822862806E-11   1.2120998613479853E-02   4.4216557620972656E+00   8.8082013209988652E+00   2.4795443325211735E+01
     220  2.6431950237050617E-01   4.7582680226090366E+00   1.4592459908848836E+06   5.0199286500633844E-01   5.0000000000000000E+01   2.6926695037045206E-07   2.7197614905962637E-02   7.2349182469280612E-02   5.8010768314548539E-11   1.2208792585472280E-02   4.4918706564021500E+00   8.9480766893330443E+00   2.4719980263553715E+01
     230  2.7028301086134865E-01   4.7024871218732338E+00   1.4085252920131567E+06   5.0199269992250739E-01   5.0000000000000000E+01   1.8450887529911793E-07   2.6804500919913415E-02   7.0942754330703045E-02   4.1784046035531110E-11   1.2289450031145049E-02   4.5620400639004819E+00   9.0878613607570937E+00   2.4643482229422187E+01
     240  2.7673410191661807E-01   4.6428815809012853E+00   1.3556407835709646E+06   5.0199253559481305E-01   5.0000000000000000E+01   1.2217514611024152E-07   2.6348711581236649E-02   6.9554525120334693E-02   2.9255607912919177E-11   1.2367852348484917E-02   4.6364359443161165E+00   9.2360655043644417E+00   2.4561145293254146E+01
     250  2.8410743886514633E-01   4.5756795437864515E+00   1.2976232210360700E+06   5.0199236420357984E-01   5.0000000000000000E+01   7.5954335448727063E-08   2.5786307487369001E-02   6.8127603339788428E-02   1.9432977629335619E-11   1.2447764905095846E-02   4.7196699579662829E+00   9.4018759879081166E+00   2.4467387491200761E+01
     260  2.9167332600460372E-01   4.5077335687071844E+00   1.2406706890459599E+06   5.0199220458422511E-01   5.0000000000000000E+01   4.6426389232997009E-08   2.5161971845618563E-02   6.6831422753577577E-02   1.2750575251956824E-11   1.2520657823110404E-02   4.8031051317747337E+00   9.5680870834859348E+00   2.4371421948942796E+01
     270  2.9917757996689592E-01   4.4413377949273123E+00   1.1866515800700048E+06   5.0199206082006620E-01   5.0000000000000000E+01   2.8363598582880114E-08   2.4496250392441576E-02   6.5706839376313511E-02   8.3838039055230992E-12   1.2585249372808797E-02   4.8837438803949285E+00   9.7287273218857848E+00   2.4276396625052207E+01
     280  3.0715123860632199E-01   4.3718601517882565E+00   1.1318284039862629E+06   5.0199192220814204E-01   5.0000000000000000E+01   1.6719035411565246E-08   2.3741512013611129E-02   6.4680412078359020E-02   5.3639386143861082E-12   1.2646741587028634E-02   4.9668394825266242E+00   9.8942617595603863E+00   2.4175554935422703E+01
     290  3.1582946693319508E-01   4.2974779097634537E+00   1.0750353965312510E+06   5.0199178608953021E-01   5.0000000000000000E+01   9.3490619022933845E-09   2.2871236191991929E-02   6.3749682754323841E-02   3.2959698704687281E-12   1.2706621869638071E-02   5.0539028219149635E+00   1.0067700227153562E+01   2.4065900443506614E+01
     300  3.2420087601138581E-01   4.2269249037201924E+00   1.0229523433817541E+06   5.0199166756857483E-01   5.0000000000000000E+01   5.3032914549464009E-09   2.1991890822274048E-02   6.3021740623712186E-02   2.0591290083173521E-12   1.2758570210931257E-02   5.1342982138298501E+00   1.0227855445428341E+01   2.3960137798885995E+01
     310  3.3232389907790588E-01   4.1595726881125392E+00   9.7482791928437876E+05   5.0199156317866978E-01   5.0000000000000000E+01   3.0404876796600765E-09   2.1109757625867285E-02   6.2459728309127535E-02   1.3039341144661163E-12   1.2804360980672455E-02   5.2087943295848111E+00   1.0376258703236651E+01   2.3857425706183125E+01
     320  3.4142984206872384E-01   4.0853455938203380E+00   9.2356657717447809E+05   5.0199145721322147E-01   5.0000000000000000E+01   1.6172180130245329E-09   2.0097074496177456E-02   6.1979071662369552E-02   7.8090738977419118E-13   1.2851065847843981E-02   5.2881722537386668E+00   1.0534386939256855E+01   2.3742026120023947E+01
     330  3.5039045697367482E-01   4.0135962976539830E+00   8.7575548758347356E+05   5.0199136292002100E-01   5.0000000000000000E+01   8.6160860309254961E-10   1.9085886719044019E-02   6.1637741851301241E-02   4.7115909428411014E-13   1.2892968598762019E-02   5.3622047102458268E+00   1.0681866468333517E+01   2.3627990797950197E+01
     340  3.5910733540703044E-01   3.9450079943547323E+00   8.3162103913052811E+05   5.0199127954167777E-01   5.0000000000000000E+01   4.6301800495812742E-10   1.8097032379155543E-02   6.1410024230852150E-02   2.8784765674603048E-13   1.2930401770898683E-02   5.4306044953886028E+00   1.0818125161508352E+01   2.3516394101158781E+01
     350  3.6760570744187121E-01   3.8792675602992639E+00   7.9073508572812623E+05   5.0199120525820007E-01   5.0000000000000000E+01   2.5058250880976154E-10   1.7135461501962500E-02   6.1268929992839428E-02   1.7768758387734286E-13   1.2964125808517827E-02   5.4941375727265997E+00   1.0944688894458990E+01   2.3406778716524940E+01
     360  3.7590549719112099E-01   3.8161208401427915E+00   7.5274548727985192E+05   5.0199113864925704E-01   5.0000000000000000E+01   1.3640743960298282E-10   1.6205028631390984E-02   6.1193083262903646E-02   1.1059964448575118E-13   1.2994713032418840E-02   5.5534400910482100E+00   1.1062824938560603E+01   2.3298791318207073E+01
     370  3.8604294155162067E-01   3.7403856169003551E+00   7.0881180190994637E+05   5.0199106440712959E-01   5.0000000000000000E+01   6.4128507850744481E-11   1.5088374572049078E-02   6.1165254085537329E-02   6.1607979844602770E-14   1.3029225816585215E-02   5.6224800047297077E+00   1.1200358731258532E+01   2.3165464390567852E+01
     380  3.9654273031319104E-01   3.6635275969623726E+00   6.6600916760451242E+05   5.0199099468601593E-01   5.0000000000000000E+01   2.8921867061971836E-11   1.3964005145757147E-02   6.1191521325037378E-02   3.3263821979091584E-14   1.3062038385847229E-02   5.6903746474640613E+00   1.1335611005329429E+01   2.3025523343301753E+01
     390  4.0674652529284483E-01   3.5903496696053945E+00   6.2689101721614983E+05   5.0199093303022879E-01   5.0000000000000000E+01   1.3143316543176060E-11   1.2911382943004155E-02   6.1253936372383813E-02   1.8017950154423834E-14   1.3091355062415362E-02   5.7530376505182241E+00   1.1460441351415255E+01   2.2887581469302358E+01
     400  4.1666133236800107E-01   3.5206447221132500E+00   5.9108291908672277E+05   5.0199087818439314E-01   5.0000000000000000E+01   6.0201826895201542E-12   1.1933560503801708E-02   6.1336834902819180E-02   9.7561372877886435E-15   1.3117630162779502E-02   5.8108849558793993E+00   1.1575678373439182E+01   2.2751616530796838E+01
     410  4.2630384937958082E-01   3.4541523625217265E+00   5.5822113601135626E+05   5.0199082907033887E-01   5.0000000000000000E+01   2.7791648906786726E-12   1.1030884575053884E-02   6.1429233448203634E-02   5.2622932337422165E-15   1.3141260212883567E-02   5.8642844238934160E+00   1.1682054891519476E+01   2.2617505557722062E+01
     420  4.3602165324850234E-01   3.3884113292499869E+00   5.2695093636318319E+05   5.0199078329575786E-01   5.0000000000000000E+01   1.2594325146826502E-12   1.0174335958872625E-02   6.1526784173488842E-02   2.7594399514602471E-15   1.3163293987541819E-02   5.9152094372446671E+00   1.1783502068951963E+01   2.2480440962379600E+01
     430  4.4670633700602314E-01   3.3175725717424287E+00   4.9458745965495362E+05   5.0199073670453487E-01   5.0000000000000000E+01   5.2194055196710992E-13   9.2996099626396142E-03   6.1632027023415616E-02   1.3209600661980396E-15   1.3185597482863444E-02   5.9677513160147715E+00   1.1888170191099162E+01   2.2327517464585682E+01
     440  4.5699426434874096E-01   3.2507641472153512E+00   4.6530550309981074E+05   5.0199069486600489E-01   5.0000000000000000E+01   2.2282036790035350E-13   8.5288489752063830E-03   6.1725000291823970E-02   6.3641845598888662E-16   1.3205315440321431E-02   6.0148061225496701E+00   1.1981907593746426E+01   2.2178076458002614E+01
     450  4.6735352852460710E-01   3.1848518037511124E+00   4.3757196710966917E+05   5.0199065496032580E-01   5.0000000000000000E+01   9.5202256203158793E-14   7.8279450783402624E-03   6.1805226252941631E-02   3.0196805297579471E-16   1.3223545392232069E-02   6.0585390637049876E+00   1.2069027580628394E+01   2.2025440865167191E+01
     460  4.7938189718429486E-01   3.1099944798418542E+00   4.0743718218729214E+05   5.0199061020858138E-01   5.0000000000000000E+01   3.6099191807361750E-14   7.1118988677889130E-03   6.1876774068966058E-02   1.2718647530929093E-16   1.3242801395722859E-02   6.1046042805789282E+00   1.2160793753178101E+01   2.1845518553653697E+01
     470  4.9127777407730328E-01   3.0376923512354810E+00   3.7967601976917440E+05   5.0199056604183834E-01   5.0000000000000000E+01   1.4112347065848251E-14   6.5069226276218382E-03   6.1921145913427601E-02   5.4650240006896553E-17   1.3259991471842633E-02   6.1452134615821095E+00   1.2241691126211970E+01   2.1664735953477884E+01
     480  5.0298267137220620E-01   2.9681918264484648E+00   3.5420745668210380E+05   5.0199052082088991E-01   5.0000000000000000E+01   5.6900209454078402E-15   6.0090318862157325E-03   6.1937157871494807E-02   2.4202408971921045E-17   1.3275248160718275E-02   6.1805175294360986E+00   1.2312020385329438E+01   2.1484096324807648E+01
     490  5.1451645690251013E-01   2.9012629219046424E+00   3.3078291375043336E+05   5.0199047235219452E-01   5.0000000000000000E+01   2.3571252333841543E-15   5.6085822772553116E-03   6.1924786593050833E-02   1.1112439411626092E-17   1.3288800809559092E-02   6.2110492002448376E+00   1.2372842789774774E+01   2.1303415188039210E+01
     500  5.2538388927488888E-01   2.8395822663817807E+00   3.1013099388837977E+05   5.0199042081151035E-01   5.0000000000000000E+01   1.0429871715161056E-15   5.3079322751409166E-03   6.1886752843216035E-02   5.5091369306982350E-18   1.3300333845781241E-02   6.2362917267607356E+00   1.2423128936996727E+01   2.1130725888821168E+01
     510  5.3571135363291122E-01   2.7821819678298603E+00   2.9170132350514655E+05   5.0199036422030874E-01   5.0000000000000000E+01   4.8930673891325945E-16   5.0849456443493850E-03   6.1826845416576168E-02   2.9359812369992487E-18   1.3310267515246069E-02   6.2575103796876670E+00   1.2465399381742142E+01   2.0964400065230041E+01
     520  5.4593690065560130E-01   2.7264913948194649E+00   2.7453277445793961E+05   5.0199029853325772E-01   5.0000000000000000E+01   2.3638030417533566E-16   4.9168138451896048E-03   6.1745573102025997E-02   1.6424383616537883E-18   1.3319191297285390E-02   6.2763239929910899E+00   1.2502879054480880E+01   2.0797564820038598E+01
     530  5.5623547638536797E-01   2.6715297588143252E+00   2.5826279922745895E+05   5.0199022024081164E-01   5.0000000000000000E+01   1.1662590523906349E-16   4.7914271458497576E-03   6.1643548563383201E-02   9.5849727949811131E-19   1.3327332274054086E-02   6.2935769153770655E+00   1.2537250045310033E+01   2.0627354949553787E+01
     540  5.6628025867285636E-01   2.6189900686068270E+00   2.4332311060704020E+05   5.0199012962565170E-01   5.0000000000000000E+01   6.0363657870926160E-17   4.7023924876375169E-03   6.1527473956349402E-02   5.9471117614434065E-19   1.3334520686428141E-02   6.3092314002599279E+00   1.2568437154406586E+01   2.0459230006946253E+01
     550  5.7605081639753952E-01   2.5688762457808192E+00   2.2962086769556368E+05   5.0199002514429303E-01   5.0000000000000000E+01   3.2948969561559908E-17   4.6391614902054484E-03   6.1402834062768516E-02   3.9268790546177323E-19   1.3340858613848169E-02   6.3236580545386714E+00   1.2597178696497995E+01   2.0293738394880521E+01
     560  5.8591714241574044E-01   2.5192442221176878E+00   2.1656716863170505E+05   5.0198989965451679E-01   5.0000000000000000E+01   1.8623939149486001E-17   4.5919202772402154E-03   6.1270538738749492E-02   2.7208487787061731E-19   1.3346657494139493E-02   6.3375268122113635E+00   1.2624809408770785E+01   2.0124768325124055E+01
     570  5.9760353383563314E-01   2.4616955504227604E+00   2.0206208365003314E+05   5.0198971823477700E-01   5.0000000000000000E+01   1.0010637280180504E-17   4.5505928910140820E-03   6.1114498010240853E-02   1.8831259773950045E-19   1.3352811521258575E-02   6.3528605903837718E+00   1.2655359971850915E+01   1.9922445815839886E+01
     580  6.0833791563123729E-01   2.4099940375035778E+00   1.8959623524154510E+05   5.0198951192202224E-01   5.0000000000000000E+01   5.9313729097646570E-18   4.5219990766437613E-03   6.0980712735903622E-02   1.4197073378693502E-19   1.3357856690264420E-02   6.3655325018881141E+00   1.2680608552065472E+01   1.9734807452746796E+01
     590  6.1975854002321651E-01   2.3561789435356801E+00   1.7717670333536493E+05   5.0198923695697184E-01   5.0000000000000000E+01   3.5291177516018585E-18   4.4981424790036225E-03   6.0856077837373679E-02   1.0994075294463742E-19   1.3362649792383130E-02   6.3771493488421225E+00   1.2703757123420095E+01   1.9533613549592527E+01
     600  6.3114983799008118E-01   2.3036991262963062E+00   1.6559952163725259E+05   5.0198888625213700E-01   5.0000000000000000E+01   2.1577427353375113E-18   4.4784389172504825E-03   6.0753427816413984E-02   8.7927277291853767E-20   1.3366906025651460E-02   6.3867267723036889E+00   1.2722844953822445E+01   1.9331623674178250E+01
     610  6.4356232823653847E-01   2.2478445522525026E+00   1.5384402336527864E+05   5.0198838210656671E-01   5.0000000000000000E+01   1.2831020675269032E-18   4.4583816175240293E-03   6.0665709907986171E-02   7.0362990624503285E-20   1.3371012729516851E-02   6.3951553013501306E+00   1.2739648018410749E+01   1.9110315960800321E+01
     620  6.5677023426808911E-01   2.1898971177253514E+00   1.4225021814686875E+05   5.0198764352308201E-01   5.0000000000000000E+01   7.4266264118401558E-19   4.4345646068574881E-03   6.0595599420412996E-02   5.5975279225319261E-20   1.3374847014910950E-02   6.4024943922655169E+00   1.2754286825360003E+01   1.8873737198534457E+01
     630  6.6992414971951009E-01   2.1336712963662752E+00   1.3157226454804910E+05   5.0198659912003318E-01   5.0000000000000000E+01   4.2925253339831247E-19   4.4039406012051372E-03   6.0543771447665824E-02   4.4356623390692266E-20   1.3378184993520635E-02   6.4089479734697195E+00   1.2767169443795579E+01   1.8637343624326540E+01
     640  6.8324665399737416E-01   2.0781961623807459E+00   1.2157420006240623E+05   5.0198506450278424E-01   5.0000000000000000E+01   2.4352896600734326E-19   4.3613300377835411E-03   6.0504387079405642E-02   3.4469315607830080E-20   1.3381136356167021E-02   6.4154025653404103E+00   1.2780066609553968E+01   1.8397526778874955E+01
     650  6.9619630478837657E-01   2.0256562944228294E+00   1.1258462320941930E+05   5.0198288481472630E-01   5.0000000000000000E+01   1.3808109211320450E-19   4.3044523815652953E-03   6.0475028407763524E-02   2.6307725323222508E-20   1.3383641773044141E-02   6.4222470694431637E+00   1.2793757037783600E+01   1.8164489826738503E+01
     660  7.0998429044960343E-01   1.9711743524167618E+00   1.0374255135446436E+05   5.0197946782170977E-01   5.0000000000000000E+01   7.3968369934791399E-20   4.2235316424846401E-03   6.0450697191699841E-02   1.9085653160774240E-20   1.3385962241960857E-02   6.4306717790639905E+00   1.2810627101873624E+01   1.7917020199009791E+01
     670  7.2587024639134912E-01   1.9102167384548097E+00   9.4412553542649417E+04   5.0197353732882455E-01   5.0000000000000000E+01   3.5326457088884090E-20   4.1033577254330203E-03   6.0429037660078351E-02   1.2674577802530017E-20   1.3388248136495636E-02   6.4421123163215750E+00   1.2833569567415987E+01   1.7633676196444970E+01
     680  7.4302364740248461E-01   1.8465106128990967E+00   8.5278043800839238E+04   5.0196390281232905E-01   5.0000000000000000E+01   1.5964181177322704E-20   3.9477222034542047E-03   6.0411132092550536E-02   7.9924741522730569E-21   1.3390318144565113E-02   6.4561960861515599E+00   1.2861873226263389E+01   1.7331357197148730E+01
     690  7.5905727250459876E-01   1.7888857340800479E+00   7.7540680342120599E+04   5.0195119450629688E-01   5.0000000000000000E+01   8.0210196373690673E-21   3.7921855457756846E-03   6.0398169969287624E-02   5.4013468779483102E-21   1.3391937446705410E-02   6.4699195569490477E+00   1.2889539110042598E+01   1.7053885709122497E+01
     700  7.7330491305133608E-01   1.7391904598096515E+00   7.1256295200584034E+04   5.0193671078632840E-01   5.0000000000000000E+01   4.7599606135444660E-21   3.6604093550043041E-03   6.0389019065066642E-02   4.1524244442309268E-21   1.3393158354921530E-02   6.4814042465380624E+00   1.2912791798690495E+01   1.6812923237779078E+01
     710  7.8722762736368668E-01   1.6919624691742929E+00   6.5607574340729392E+04   5.0191990760366911E-01   5.0000000000000000E+01   3.1598486961063362E-21   3.5480178145823982E-03   6.0381801306501046E-02   3.5559967600959847E-21   1.3394179981989404E-02   6.4911271199852285E+00   1.2932595455189791E+01   1.6583780748371673E+01
     720  8.0152498222477120E-01   1.6447980253979051E+00   6.0272545424733275E+04   5.0190054432971165E-01   5.0000000000000000E+01   2.2659649299758847E-21   3.4542815464970278E-03   6.0375816644388819E-02   3.3291469792379754E-21   1.3395076086810658E-02   6.4991830581684660E+00   1.2949145259052022E+01   1.6356107111209873E+01
     730  8.1446826564282560E-01   1.6032352882446435E+00   5.5817913112371833E+04   5.0188183963564914E-01   5.0000000000000000E+01   1.7629325085190120E-21   3.3878448537301136E-03   6.0371395746683522E-02   3.3159278942339915E-21   1.3395771870607401E-02   6.5048507357075858E+00   1.2960920714685818E+01   1.6157535433497848E+01
     740  8.2677764438272106E-01   1.5646828759030480E+00   5.1887266733999801E+04   5.0186354717722115E-01   5.0000000000000000E+01   1.4218660921685879E-21   3.3382770964703163E-03   6.0367902081473461E-02   3.4015713585896464E-21   1.3396344937777881E-02   6.5090417328489041E+00   1.2969743997960675E+01   1.5976017389378827E+01
     750  8.4271901006201055E-01   1.5161296877625843E+00   4.7205310730349083E+04   5.0183976366181537E-01   5.0000000000000000E+01   1.0945595144560579E-21   3.2887415111870670E-03   6.0364220762876522E-02   3.6078715124329212E-21   1.3396974182106794E-02   6.5131755682535291E+00   1.2978596029684548E+01   1.5752525418973072E+01
     760  8.6130750302675352E-01   1.4614134458184900E+00   4.2276702073910536E+04   5.0181259125340072E-01   5.0000000000000000E+01   8.1349592283353561E-22   3.2447995832165367E-03   6.0360869468919560E-02   3.9598924107075240E-21   1.3397572658395567E-02   6.5167722826501269E+00   1.2986466246923333E+01   1.5509902815265997E+01
     770  8.8055505588508809E-01   1.4068372674563887E+00   3.7714938008588921E+04   5.0178557422121794E-01   5.0000000000000000E+01   5.9852256413586671E-22   3.2088726471481430E-03   6.0358214496593288E-02   4.4710350288602157E-21   1.3398066876971140E-02   6.5196462036076719E+00   1.2992892850034231E+01   1.5280804534400717E+01
     780  9.0201839169725373E-01   1.3483783802343903E+00   3.3206044573407547E+04   5.0175704919963171E-01   5.0000000000000000E+01   4.2313863762779393E-22   3.1760569322124713E-03   6.0355993317917876E-02   5.2909517052589372E-21   1.3398496625880153E-02   6.5222082719406274E+00   1.2998737692443621E+01   1.5053719356688198E+01
     790  9.2385512782436818E-01   1.2913947940786465E+00   2.9171509267329791E+04   5.0172981254679017E-01   5.0000000000000000E+01   2.9483269805340713E-22   3.1485801943805106E-03   6.0354326904236984E-02   6.5019193381304396E-21   1.3398830666774129E-02   6.5242974622686054E+00   1.3003607310256813E+01   1.4854734760204872E+01
     800  9.4756926670504216E-01   1.2322363719083824E+00   2.5343341531852315E+04   5.0170222594330305E-01   5.0000000000000000E+01   1.9628816114947414E-22   3.1246405673119285E-03   6.0353016622564128E-02   8.2887295381640594E-21   1.3399102035130847E-02   6.5260584733403570E+00   1.3007832399004304E+01   1.4675657505266519E+01
     810  9.7200403079316045E-01   1.1741137234953822E+00   2.1923621620076883E+04   5.0167584815194477E-01   5.0000000000000000E+01   1.2609244960226493E-22   3.1054492601790898E-03   6.0352060282566337E-02   1.0254681892187934E-20   1.3399306317862006E-02   6.5274086954345911E+00   1.3011207765764887E+01   1.4530287628553641E+01
     820  9.9748811238300039E-01   1.1164137628876381E+00   1.8847656160880353E+04   5.0165040548213569E-01   5.0000000000000000E+01   7.7296359513887186E-23   3.0901619603356536E-03   6.0351366525513012E-02   1.1385202521441753E-20   1.3399458857818087E-02   6.5284221718616680E+00   1.3013887951557130E+01   1.4417890172554614E+01
     830  1.0245792937857303E+00   1.0581812670150117E+00   1.6049518657302258E+04   5.0162552010827699E-01   5.0000000000000000E+01   4.4783098602843875E-23   3.0780739184729125E-03   6.0350867105936359E-02   1.0927562040992315E-20   1.3399571762693177E-02   6.5291582761509286E+00   1.3016001001458584E+01   1.4336967242967672E+01
     840  1.0505137705764047E+00   1.0052829115380799E+00   1.3760895780890089E+04   5.0160365150308495E-01   5.0000000000000000E+01   2.6259682253460277E-23   3.0696779132115015E-03   6.0350547545097374E-02   9.7480709901751929E-21   1.3399646035789988E-02   6.5296080525416933E+00   1.3017465141871766E+01   1.4290512157984518E+01
     850  1.0695594528213062E+00   9.6812720966807231E-01   1.2290769786637587E+04   5.0158878775971205E-01   5.0000000000000000E+01   1.8401136467755407E-23   3.0660594799588386E-03   6.0350383397800043E-02   9.1057311556544031E-21   1.3399685281017280E-02   6.5297327499108793E+00   1.3018099497419781E+01   1.4272061113244318E+01
     860  1.0972740600363367E+00   9.1649886980592332E-01   1.0427437761681555E+04   5.0156888330746197E-01   5.0000000000000000E+01   1.0997924427752876E-23   3.0615144947847132E-03   6.0350221165413373E-02   8.4619888988605590E-21   1.3399725568642704E-02   6.5298703511597260E+00   1.3018890454358713E+01   1.4263594453573273E+01
     870  1.1233386768867593E+00   8.7045916944718849E-01   8.9336106049775863E+03   5.0155184664725216E-01   5.0000000000000000E+01   7.4781947424369349E-24   3.0583296147178073E-03   6.0350126170719769E-02   8.4057426402431068E-21   1.3399750614783613E-02   6.5299252534792611E+00   1.3019442143549643E+01   1.4270566876606562E+01
     880  1.1511929708544759E+00   8.2381169505074603E-01   7.5729600224660608E+03   5.0153529725263535E-01   5.0000000000000000E+01   5.6280838148214456E-24   3.0558134492612754E-03   6.0350065787108290E-02   8.8013287498465433E-21   1.3399768026563317E-02   6.5299273572385097E+00   1.3019875946805680E+01   1.4289163135540985E+01
     890  1.1822705072971760E+00   7.7471055912369302E-01   6.2979648312110476E+03   5.0151866626618569E-01   5.0000000000000000E+01   4.4905581255073722E-24   3.0538050866299403E-03   6.0350029989463046E-02   9.5930792546728929E-21   1.3399779965303090E-02   6.5298835998263192E+00   1.3020220452364294E+01   1.4318897003554031E+01
     900  1.2189847765170663E+00   7.2046076800651049E-01   5.0653891438214059E+03   5.0150124227209880E-01   5.0000000000000000E+01   3.4675001751301637E-24   3.0522375826242715E-03   6.0350011454320764E-02   1.0811963068929189E-20   1.3399787840888569E-02   6.5297909099705240E+00   1.3020487997840000E+01   1.4361422760646830E+01
     910  1.2601373254688051E+00   6.6415543885714812E-01   3.9681767262148519E+03   5.0148420726937459E-01   5.0000000000000000E+01   2.6065861142104987E-24   3.0511900860451836E-03   6.0350004576186618E-02   1.2602367018140197E-20   1.3399792217159272E-02   6.5296583760949565E+00   1.3020666009772851E+01   1.4414332836781048E+01
     920  1.2910328324215474E+00   6.2479504605207670E-01   3.3036538557875756E+03   5.0147290606304129E-01   5.0000000000000000E+01   2.2110108395138615E-24   3.0507105071599541E-03   6.0350003183951992E-02   1.4391094877310806E-20   1.3399793878335703E-02   6.5295519773691471E+00   1.3020747271406210E+01   1.4456057510901230E+01
     930  1.3260685801075001E+00   5.8297496346199584E-01   2.6836848639496270E+03   5.0146147128458918E-01   5.0000000000000000E+01   1.9419508054422693E-24   3.0503578580958340E-03   6.0350003059443623E-02   1.6996293281759462E-20   1.3399794857182580E-02   6.5294329969268023E+00   1.3020806914907785E+01   1.4504615476838747E+01
     940  1.3683092902438545E+00   5.3625927872689372E-01   2.0888452373997357E+03   5.0144939083819795E-01   5.0000000000000000E+01   1.7337855236925467E-24   3.0500859661389936E-03   6.0350003525710350E-02   2.1057105689878013E-20   1.3399795385035215E-02   6.5292987306173105E+00   1.3020852843471905E+01   1.4564371415469648E+01
     950  1.4142711845743374E+00   4.8967066991447250E-01   1.5903550049037767E+03   5.0143805132261965E-01   5.0000000000000000E+01   1.5367343139130934E-24   3.0499128875358544E-03   6.0350004047819490E-02   2.6696587535409488E-20   1.3399795601791645E-02   6.5291657319691243E+00   1.3020882062466185E+01   1.4630561020871641E+01
     960  1.4695120624832525E+00   4.3900032756051777E-01   1.1459781522217058E+03   5.0142651909666835E-01   5.0000000000000000E+01   1.1606231301006554E-24   3.0498193495035876E-03   6.0350004421884741E-02   3.4830447925041781E-20   1.3399795681066499E-02   6.5290234856839735E+00   1.3020897844377730E+01   1.4711497828531677E+01
     970  1.5263102589284541E+00   3.9236315445586684E-01   8.1817547533354957E+02   5.0141661859636033E-01   5.0000000000000000E+01   6.0878187494297644E-25   3.0497884640717796E-03   6.0350004589283114E-02   4.3652123503813465E-20   1.3399795700473035E-02   6.5288971820356032E+00   1.3020903049141049E+01   1.4796138331170500E+01
     980  1.5830662277408374E+00   3.5070976185628905E-01   5.8428584947264403E+02   5.0140835689709329E-01   5.0000000000000000E+01   2.1193990351979190E-25   3.0497829592847771E-03   6.0350004656616822E-02   5.2057716716053318E-20   1.3399795704437676E-02   6.5287900691552680E+00   1.3020903970356077E+01   1.4882028292687940E+01
     990  1.6489679775730794E+00   3.0786006922992554E-01   3.9522271134651464E+02   5.0140043516067567E-01   5.0000000000000000E+01   4.2540382960505981E-26   3.0497862045483809E-03   6.0350004688256451E-02   6.0534432953832414E-20   1.3399795705163701E-02   6.5286866423567202E+00   1.3020903414653908E+01   1.4983252076312180E+01
    1000  1.7286046186053394E+00   2.6300484489460513E-01   2.4641835362911573E+02   5.0139274301007564E-01   5.0000000000000000E+01   4.5881561309196259E-27   3.0497923561086516E-03   6.0350004702774969E-02   6.8050563711926913E-20   1.3399795705242188E-02   6.5285859594334186E+00   1.3020902369219495E+01   1.5107486770852367E+01
    1010  1.8082412567521597E+00   2.2468502981152436E-01   1.5363997134117199E+02   5.0138661935709716E-01   5.0000000000000000E+01   4.1100498693192895E-28   3.0497974677839014E-03   6.0350004709188179E-02   7.2650255950540913E-20   1.3399795705245916E-02   6.5285057888719367E+00   1.3020901501478237E+01   1.5233565269550029E+01
    1020  1.8926135819436252E+00   1.9015933799076973E-01   9.3139687295620220E+01   5.0138142829659282E-01   5.0000000000000000E+01   2.6896715927674472E-29   3.0498013569772260E-03   6.0350004713711144E-02   7.5273597832835748E-20   1.3399795705246022E-02   6.5284378655945616E+00   1.3020900841322515E+01   1.5368887376728939E+01
    1030  1.9790154873637640E+00   1.6029435640237777E-01   5.5787448823225859E+01   5.0137715335188504E-01   5.0000000000000000E+01   1.3913503148349833E-30   3.0498040981578618E-03   6.0350004717547451E-02   7.6584165550776695E-20   1.3399795705246027E-02   6.5283819686220630E+00   1.3020900375921737E+01   1.5509069951864065E+01
    1040  2.0654202494238239E+00   1.3511897878431034E-01   3.3414184615679176E+01   5.0137366953653195E-01   5.0000000000000000E+01   2.4919331026010746E-27   3.0498059792306229E-03   6.0350004720903509E-02   7.7190876180649608E-20   1.3399795705246022E-02   6.5283364460238698E+00   1.3020900056428435E+01   1.5650648229978531E+01
    1050  2.1518269159104992E+00   1.1389714575664146E-01   2.0013374755821623E+01   5.0137078291745718E-01   5.0000000000000000E+01   3.2202120136189393E-28   3.0498072800822849E-03   6.0350004723870213E-02   7.7462210840884092E-20   1.3399795705246022E-02   6.5282987488151800E+00   1.3020899835374086E+01   1.5793416649751451E+01
    1060  2.2382350812701723E+00   9.6008136528462226E-02   1.1986873609176200E+01   5.0136835027556648E-01   5.0000000000000000E+01   3.4780794987904820E-29   3.0498081866181925E-03   6.0350004726497555E-02   7.7580670303900113E-20   1.3399795705246022E-02   6.5282669963463347E+00   1.3020899681231063E+01   1.5937198453549676E+01
    1070  2.3168831302171276E+00   8.2180239079453932E-02   7.5176829568140633E+00   5.0136644029802602E-01   5.0000000000000000E+01   3.7935909518739043E-30   3.0498087741893634E-03   6.0350004728627560E-02   7.7628318303705793E-20   1.3399795705246020E-02   6.5282420765936484E+00   1.3020899581250845E+01   1.6068818227175697E+01
    1080  2.3209144671114843E+00   8.1527740526276746E-02   7.3400331994277463E+00   5.0136634775307698E-01   5.0000000000000000E+01   3.3675569050019202E-30   3.0498087999621831E-03   6.0350004728731081E-02   7.7629958348599751E-20   1.3399795705246026E-02   6.5282408693755949E+00   1.3020899576863716E+01   1.6075582077228365E+01
    1090  2.3234532186996959E+00   8.1119488006097640E-02   7.2303181533691836E+00   5.0136628837675201E-01   5.0000000000000000E+01   3.1232421027089118E-30   3.0498088159806981E-03   6.0350004728796001E-02   7.7630958360766409E-20   1.3399795705246022E-02   6.5282400948752839E+00   1.3020899574136870E+01   1.6079842447918413E+01
    1100  2.3257429745041103E+00   8.0753029793110415E-02   7.1327710194577367E+00   5.0136623150362736E-01   5.0000000000000000E+01   2.9175521975679069E-30   3.0498088302861760E-03   6.0350004728854399E-02   7.7631838672575609E-20   1.3399795705246031E-02   6.5282393531150502E+00   1.3020899571701554E+01   1.6083685478469242E+01
    1110  2.3280081759744928E+00   8.0392130288536603E-02   7.0375649550264914E+00   5.0136616585829930E-01   5.0000000000000000E+01   2.7268955073340614E-30   3.0498088443064583E-03   6.0350004728912020E-02   7.7632689733499287E-20   1.3399795705246027E-02   6.5282384971571457E+00   1.3020899569314718E+01   1.6087487713758609E+01
    1120  2.3304286709152016E+00   8.0008271302010936E-02   6.9372359483442976E+00   5.0136607045441572E-01   5.0000000000000000E+01   2.5363991166465071E-30   3.0498088591439303E-03   6.0350004728973325E-02   7.7633577771453070E-20   1.3399795705246036E-02   6.5282372536463145E+00   1.3020899566788737E+01   1.6091550935019661E+01
    1130  2.3329220904460533E+00   7.9614763857822596E-02   6.8353796169873711E+00   5.0136593798747731E-01   5.0000000000000000E+01   2.3535474490467990E-30   3.0498088742745371E-03   6.0350004729036268E-02   7.7634470025033718E-20   1.3399795705246022E-02   6.5282355275161059E+00   1.3020899564212753E+01   1.6095736852298238E+01
    1140  2.3341275135424739E+00   7.9425220513913597E-02   6.7866756360205045E+00   5.0136587895015783E-01   5.0000000000000000E+01   2.2697513361663451E-30   3.0498088815359295E-03   6.0350004729066625E-02   7.7634893648616653E-20   1.3399795705246034E-02   6.5282347581772751E+00   1.3020899562976487E+01   1.6097760757769919E+01
    1150  2.3348812395514038E+00   7.9306932364092628E-02   6.7563985411929020E+00   5.0136585051547966E-01   5.0000000000000000E+01   2.2188175616890788E-30   3.0498088860585497E-03   6.0350004729085499E-02   7.7635155977886757E-20   1.3399795705246033E-02   6.5282343875461510E+00   1.3020899562206512E+01   1.6099026410856119E+01
    1160  2.3354366322342925E+00   7.9219882969281716E-02   6.7341749449345878E+00   5.0136583379528021E-01   5.0000000000000000E+01   2.1819897936494290E-30   3.0498088893822954E-03   6.0350004729099453E-02   7.7635348019864080E-20   1.3399795705246039E-02   6.5282341695503936E+00   1.3020899561640626E+01   1.6099959096473441E+01
    1170  2.3358843556575426E+00   7.9149778664461184E-02   6.7163128759801198E+00   5.0136582216706749E-01   5.0000000000000000E+01   2.1527290973271769E-30   3.0498088920562398E-03   6.0350004729110722E-02   7.7635502055540952E-20   1.3399795705246024E-02   6.5282340179123448E+00   1.3020899561185351E+01   1.6100711008367988E+01
    1180  2.3362740774114297E+00   7.9088806736251488E-02   6.7008033757607395E+00   5.0136581284172310E-01   5.0000000000000000E+01   2.1275658565113124E-30   3.0498088943798161E-03   6.0350004729120506E-02   7.7635635572088688E-20   1.3399795705246038E-02   6.5282338962896356E+00   1.3020899560789768E+01   1.6101365534315640E+01
    1190  2.3366527601042471E+00   7.9029606860427343E-02   6.6857674981702528E+00   5.0136580414473508E-01   5.0000000000000000E+01   2.1033858704832083E-30   3.0498088966340268E-03   6.0350004729129991E-02   7.7635764802948972E-20   1.3399795705246026E-02   6.5282337828546044E+00   1.3020899560405958E+01   1.6102001537618637E+01
    1200  2.3396575237105961E+00   7.8561436973710597E-02   6.5676509120121684E+00   5.0136573704689413E-01   5.0000000000000000E+01   1.9206521901304095E-30   3.0498089143650509E-03   6.0350004729205126E-02   7.7636768308208258E-20   1.3399795705246020E-02   6.5282329076667684E+00   1.3020899557387029E+01   1.6107048582901388E+01
    1210  2.3520055887228426E+00   7.6666433795700623E-02   6.1037620063949749E+00   5.0136546290447159E-01   5.0000000000000000E+01   1.3173693663894433E-30   3.0498089846263962E-03   6.0350004729509923E-02   7.7640534462555041E-20   1.3399795705246033E-02   6.5282293320874549E+00   1.3020899545422976E+01   1.6127798312818236E+01
    1220  2.3542071457735587E+00   7.6333403962783763E-02   6.0245649874790050E+00   5.0136541329755790E-01   5.0000000000000000E+01   1.2309786720284446E-30   3.0498089968674104E-03   6.0350004729563804E-02   7.7641168160462084E-20   1.3399795705246029E-02   6.5282286851156952E+00   1.3020899543338436E+01   1.6131499297391301E+01
    1230  2.3552356706506452E+00   7.6178315040567296E-02   5.9879186625156224E+00   5.0136539038801120E-01   5.0000000000000000E+01   1.1925075540302033E-30   3.0498090025501169E-03   6.0350004729588902E-02   7.7641459578671593E-20   1.3399795705246022E-02   6.5282283863276174E+00   1.3020899542370730E+01   1.6133228480964881E+01
    1240  2.3559230204049419E+00   7.6074846828083340E-02   5.9635527476420709E+00   5.0136537526536284E-01   5.0000000000000000E+01   1.1674439267267492E-30   3.0498090063347653E-03   6.0350004729605694E-02   7.7641652667519109E-20   1.3399795705246034E-02   6.5282281890939906E+00   1.3020899541726216E+01   1.6134384127578407E+01
    1250  2.3790659380410544E+00   7.2671918762679963E-02   5.1985435468641423E+00   5.0136488403053314E-01   5.0000000000000000E+01   5.6485939230034296E-31   3.0498091263247156E-03   6.0350004730158828E-02   7.7647246020615932E-20   1.3399795705246038E-02   6.5282217825280524E+00   1.3020899521288879E+01   1.6173319561234017E+01
    1260  2.4654847683483081E+00   6.1256568942649407E-02   3.1134350370539892E+00   5.0136319147159236E-01   5.0000000000000000E+01   3.0646722479256607E-32   3.0498094862976130E-03   6.0350004732069688E-02   7.7659302986519633E-20   1.3399795705246029E-02   6.5281997131269351E+00   1.3020899459933757E+01   1.6319109997566247E+01
    1270  2.4756638279048087E+00   6.0035922690976642E-02   2.9309970017421909E+00   5.0136300544270884E-01   5.0000000000000000E+01   1.9350242096394997E-32   3.0498095216473392E-03   6.0350004732281033E-02   7.7660164556325301E-20   1.3399795705246038E-02   6.5281972878407295E+00   1.3020899453904555E+01   1.6336320788314467E+01
    1280  2.4991760434770569E+00   5.7308572123137523E-02   2.5494151881503639E+00   5.0136258593129324E-01   5.0000000000000000E+01   3.3550365466363494E-40   3.0498095978169710E-03   6.0350004732757423E-02   7.7661821469968558E-20   1.3399795705246031E-02   6.5281918189096286E+00   1.3020899440909691E+01   1.6376104030864091E+01
    1290  2.5440643349240766E+00   5.2440984761312003E-02   1.9534141106713339E+00   5.0136181954316772E-01   5.0000000000000000E+01   3.2530008809049206E-41   3.0498097242988996E-03   6.0350004733622946E-02   7.7664003871355986E-20   1.3399795705246029E-02   6.5281818290220333E+00   1.3020899419318750E+01   1.6452161907866266E+01
    1300  2.6285150932378603E+00   4.4375882379699999E-02   1.1836486589421826E+00   5.0136048355163720E-01   5.0000000000000000E+01   4.6012032736776399E-43   3.0498099082837313E-03   6.0350004735107508E-02   7.7666044489393229E-20   1.3399795705246034E-02   6.5281644174452902E+00   1.3020899387873531E+01   1.6595595126390364E+01
    1310  2.7149437295529042E+00   3.7404566112625062E-02   7.0885216346785895E-01   5.0135923187257636E-01   5.0000000000000000E+01   7.9575986411674421E-44   3.0498100434701563E-03   6.0350004736456055E-02   7.7666850616984142E-20   1.3399795705246036E-02   6.5281481078523695E+00   1.3020899364724876E+01   1.6742789673584468E+01
    1320  2.8013743140793546E+00   3.1528300986638717E-02   4.2450568313508408E-01   5.0135807490398310E-01   5.0000000000000000E+01   4.0374711354546151E-44   3.0498101404502096E-03   6.0350004737651702E-02   7.7667149326783763E-20   1.3399795705246027E-02   6.5281330347355935E+00   1.3020899348079800E+01   1.6890331916580330E+01
    1330  2.8878080937247170E+00   2.6575030434014352E-02   2.5421613803833581E-01   5.0135699549766866E-01   5.0000000000000000E+01   2.0132325805386528E-44   3.0498102102005506E-03   6.0350004738711847E-02   7.7667256541515301E-20   1.3399795705246034E-02   6.5281189738755785E+00   1.3020899336074317E+01   1.7038170678942915E+01
    1340  2.9742418733700813E+00   2.2399946095036285E-02   1.5223787903579225E-01   5.0135598039830509E-01   5.0000000000000000E+01   9.5942456858352628E-45   3.0498102604829195E-03   6.0350004739652061E-02   7.7667293733585282E-20   1.3399795705246036E-02   6.5281057520149242E+00   1.3020899327389836E+01   1.7186255320425133E+01
    1350  3.0606756530154433E+00   1.8880790609305028E-02   9.1167980098186538E-02   5.0135501919953274E-01   5.0000000000000000E+01   4.3569593318637367E-45   3.0498102968118863E-03   6.0350004740486012E-02   7.7667306174802292E-20   1.3399795705246034E-02   6.5280932331835642E+00   1.3020899321089098E+01   1.7334547583516439E+01
    1360  3.1471094326608058E+00   1.5914513924273031E-02   5.4596140249886092E-02   5.0135410368591748E-01   5.0000000000000000E+01   1.8800316280664658E-45   3.0498103231164932E-03   6.0350004741225864E-02   7.7667310178316658E-20   1.3399795705246029E-02   6.5280813100741204E+00   1.3020899316503870E+01   1.7483015103847183E+01
    1370  3.2335432123061705E+00   1.3414255720894405E-02   3.2695015585241557E-02   5.0135322731099186E-01   5.0000000000000000E+01   7.6848869831602739E-46   3.0498103422042142E-03   6.0350004741882346E-02   7.7667311414493017E-20   1.3399795705246033E-02   6.5280698972061684E+00   1.3020899313156383E+01   1.7631630518516840E+01
    1380  3.3199769919515330E+00   1.1306801916902955E-02   1.9579480146885105E-02   5.0135238480781097E-01   5.0000000000000000E+01   2.9662600652762729E-46   3.0498103560861120E-03   6.0350004742464970E-02   7.7667311779764914E-20   1.3399795705246041E-02   6.5280589258275672E+00   1.3020899310704008E+01   1.7780370704590570E+01
    1390  3.4124116029434512E+00   1.0000000000000000E-02   1.1315161326284224E-02   5.0135142387411147E-01   5.0000000000000000E+01   1.4408452204391050E-46   3.0498103667745274E-03   6.0350004743013164E-02   7.7667311889660968E-20   1.3399795705246034E-02   6.5280464126515012E+00   1.3020899308798933E+01   1.7884552487242939E+01
    1400  3.5155409540568408E+00   1.0000000000000000E-02   6.1371587249639164E-03   5.0135008159016048E-01   5.0000000000000000E+01   1.4409440330727731E-46   3.0498103751428738E-03   6.0350004743514415E-02   7.7667311945608812E-20   1.3399795705246034E-02   6.5280289341533839E+00   1.3020899307295119E+01   1.7884552487242939E+01
    1410  3.6537510938378328E+00   1.0000000000000000E-02   2.7033040847149440E-03   5.0134833721362626E-01   5.0000000000000000E+01   1.4411238899105332E-46   3.0498103824142700E-03   6.0350004744027332E-02   7.7667311982338210E-20   1.3399795705246038E-02   6.5280062201405036E+00   1.3020899305975361E+01   1.7884552487242939E+01
    1420  3.7919612336188249E+00   1.0000000000000000E-02   1.1907550874821870E-03   5.0134664447426747E-01   5.0000000000000000E+01   1.4413357738927421E-46   3.0498103868640651E-03   6.0350004744405626E-02   7.7667311998515046E-20   1.3399795705246050E-02   6.5279841787413480E+00   1.3020899305156773E+01   1.7884552487242939E+01
    1430  3.9301713733998214E+00   1.0000000000000000E-02   5.2450543258591238E-04   5.0134499545519395E-01   5.0000000000000000E+01   1.4415628695145952E-46   3.0498103895991789E-03   6.0350004744685548E-02   7.7667312005640024E-20   1.3399795705246043E-02   6.5279627067737538E+00   1.3020899304645601E+01   1.7884552487242939E+01
    1440  4.1305610587204606E+00   1.0000000000000000E-02   1.5976572721167047E-04   5.0134267164846913E-01   5.0000000000000000E+01   1.4418949331814429E-46   3.0498103918036785E-03   6.0350004744967330E-02   7.7667312009466077E-20   1.3399795705246043E-02   6.5279324485090324E+00   1.3020899304224045E+01   1.7884552487242939E+01
    1450  4.3931302895807418E+00   1.0000000000000000E-02   3.3652965090262388E-05   5.0133972502155832E-01   5.0000000000000000E+01   1.4422877951655851E-46   3.0498103931457547E-03   6.0350004745196875E-02   7.7667312010764839E-20   1.3399795705246039E-02   6.5278940806431267E+00   1.3020899303957590E+01   1.7884552487242939E+01
    1460  4.6556995204410230E+00   1.0000000000000000E-02   7.0886420957228665E-06   5.0133686908242425E-01   5.0000000000000000E+01   1.4425398032321270E-46   3.0498103937267066E-03   6.0350004745334564E-02   7.7667312011038406E-20   1.3399795705246045E-02   6.5278568936861392E+00   1.3020899303835746E+01   1.7884552487242939E+01
    1470  4.9182687513013041E+00   1.0000000000000000E-02   1.4931476803449265E-06   5.0133408813919378E-01   5.0000000000000000E+01   1.4425488896381283E-46   3.0498103939945601E-03   6.0350004745420543E-02   7.7667312011096039E-20   1.3399795705246039E-02   6.5278206832742649E+00   1.3020899303775771E+01   1.7884552487242939E+01
    1480  5.3267407954195640E+00   1.0000000000000000E-02   1.3235833511886458E-07   5.0132988607462059E-01   5.0000000000000000E+01   1.4421350595332701E-46   3.0498103941785327E-03   6.0350004745499959E-02   7.7667312011109485E-20   1.3399795705246034E-02   6.5277659685921643E+00   1.3020899303731110E+01   1.7884552487242939E+01
    1490  5.7351151144138584E+00   1.0000000000000000E-02   1.1739554002177263E-08   5.0132580473197053E-01   5.0000000000000000E+01   1.4415146556089067E-46   3.0498103942706942E-03   6.0350004745548053E-02   7.7667312011110676E-20   1.3399795705246050E-02   6.5277128258285471E+00   1.3020899303707351E+01   1.7884552487242939E+01
    1500  6.2045271736441396E+00   1.0000000000000000E-02   7.2493594073268897E-10   5.0132123228930414E-01   5.0000000000000000E+01   1.4407540505295398E-46   3.0498103943440084E-03   6.0350004745585571E-02   7.7667312011110869E-20   1.3399795705246050E-02   6.5276532885035685E+00   1.3020899303688573E+01   1.7884552487242939E+01
    1510  6.8159647393453744E+00   1.0000000000000000E-02   1.9277274656267055E-11   5.0131542697500298E-01   5.0000000000000000E+01   1.4397556537434309E-46   3.0498103944249788E-03   6.0350004745620883E-02   7.7667312011110869E-20   1.3399795705246048E-02   6.5275776980806812E+00   1.3020899303668822E+01   1.7884552487242939E+01
    1520  7.4268992886876530E+00   1.0000000000000000E-02   5.1414730731788446E-13   5.0130975807936617E-01   5.0000000000000000E+01   1.4387581999528679E-46   3.0498103945009992E-03   6.0350004745647841E-02   7.7667312011110869E-20   1.3399795705246050E-02   6.5275038839526403E+00   1.3020899303651378E+01   1.7884552487242939E+01
    1530  8.0375462006501834E+00   1.0000000000000000E-02   1.3736324439066502E-14   5.0130419516785008E-01   5.0000000000000000E+01   1.4377618855611927E-46   3.0498103945749179E-03   6.0350004745669338E-02   7.7667312011110869E-20   1.3399795705246046E-02   6.5274314498337986E+00   1.3020899303635199E+01   1.7884552487242939E+01
    1540  8.8088388044021180E+00   1.0000000000000000E-02   1.4150770097085252E-16   5.0129728636630821E-01   5.0000000000000000E+01   1.4365044629861763E-46   3.0498103946662871E-03   6.0350004745690702E-02   7.7667312011110881E-20   1.3399795705246053E-02   6.5273414910149743E+00   1.3020899303616089E+01   1.7884552487242939E+01
    1550  9.7333176644356012E+00   1.0000000000000000E-02   5.8753535499616967E-19   5.0128913999314118E-01   5.0000000000000000E+01   1.4349987663685794E-46   3.0498103947733109E-03   6.0350004745709937E-02   7.7667312011110881E-20   1.3399795705246053E-02   6.5272354178994840E+00   1.3020899303594687E+01   1.7884552487242939E+01
    1560  1.0715792944872122E+01   1.0000000000000000E-02   1.7293028462629489E-21   5.0128060712632594E-01   5.0000000000000000E+01   1.4334003454002614E-46   3.0498103948842950E-03   6.0350004745724807E-02   7.7667312011110881E-20   1.3399795705246050E-02   6.5271243122891507E+00   1.3020899303573357E+01   1.7884552487242939E+01
    1570  1.1769248733062925E+01   1.0000000000000000E-02   3.3407206870521931E-24   5.0127157128160849E-01   5.0000000000000000E+01   1.4316884299026069E-46   3.0498103950002981E-03   6.0350004745736180E-02   7.7667312011110881E-20   1.3399795705246055E-02   6.5270066574540611E+00   1.3020899303551756E+01   1.7884552487242939E+01
    1580  1.2988325714735128E+01   1.0000000000000000E-02   2.4161138361418060E-27   5.0126123499655906E-01   5.0000000000000000E+01   1.4297099412619422E-46   3.0498103951308161E-03   6.0350004745745200E-02   7.7667312011110881E-20   1.3399795705246048E-02   6.5268720697153126E+00   1.3020899303528092E+01   1.7884552487242939E+01
    1590  1.4207402696407330E+01   1.0000000000000000E-02   1.7474092017992023E-30   5.0125100735991568E-01   5.0000000000000000E+01   1.4277341867477953E-46   3.0498103952575320E-03   6.0350004745751210E-02   7.7667312011110881E-20   1.3399795705246041E-02   6.5267388966771076E+00   1.3020899303505596E+01   1.7884552487242939E+01
    1600  1.5619800700208161E+01   1.0000000000000000E-02   4.0143622184821103E-34   5.0123927803174051E-01   5.0000000000000000E+01   1.4254485614934714E-46   3.0498103953997360E-03   6.0350004745755727E-02   7.7667312011110881E-20   1.3399795705246039E-02   6.5265861702634709E+00   1.3020899303480700E+01   1.7884552487242939E+01
    1610  1.7322180237201934E+01   1.0000000000000000E-02   1.6510322753566118E-38   5.0122529535389293E-01   5.0000000000000000E+01   1.4226985725615168E-46   3.0498103955648461E-03   6.0350004745758981E-02   7.7667312011110881E-20   1.3399795705246046E-02   6.5264041032088054E+00   1.3020899303452175E+01   1.7884552487242939E+01
    1620  1.9024559774195708E+01   1.0000000000000000E-02   6.7903876778211087E-43   5.0121146845777942E-01   5.0000000000000000E+01   1.4199538889343831E-46   3.0498103957234215E-03   6.0350004745760827E-02   7.7667312011110881E-20   1.3399795705246055E-02   6.5262240645730838E+00   1.3020899303424965E+01   1.7884552487242939E+01
    1630  2.1133158916906744E+01   1.0000000000000000E-02   2.5089100576273132E-48   5.0119454860829404E-01   5.0000000000000000E+01   1.4165616942050353E-46   3.0498103959111021E-03   6.0350004745762048E-02   7.7667312011110881E-20   1.3399795705246048E-02   6.5260037529005208E+00   1.3020899303392939E+01   1.7884552487242939E+01
    1640  2.3341983739678302E+01   1.0000000000000000E-02   5.1152042917104199E-54   5.0117705731069551E-01   5.0000000000000000E+01   1.4130169686605331E-46   3.0498103960979379E-03   6.0350004745762652E-02   7.7667312011110881E-20   1.3399795705246052E-02   6.5257760004597376E+00   1.3020899303361162E+01   1.7884552487242939E+01
    1650  2.5550044078204024E+01   1.0000000000000000E-02   1.0476360251432865E-59   5.0115980204515798E-01   5.0000000000000000E+01   1.4094823353315209E-46   3.0498103962752483E-03   6.0350004745763013E-02   7.7667312011110881E-20   1.3399795705246045E-02   6.5255513213694831E+00   1.3020899303331046E+01   1.7884552487242939E+01
    1660  2.7858691027247232E+01   1.0000000000000000E-02   1.1814500460594043E-65   5.0114200089045402E-01   5.0000000000000000E+01   1.4057961684014610E-46   3.0498103964510222E-03   6.0350004745763165E-02   7.7667312011110881E-20   1.3399795705246043E-02   6.5253195343115147E+00   1.3020899303301228E+01   1.7884552487242939E+01
    1670  3.1075886471541544E+01   1.0000000000000000E-02   6.0801714355772262E-74   5.0111759804775002E-01   5.0000000000000000E+01   1.4006756655419070E-46   3.0498103966803761E-03   6.0350004745763228E-02   7.7667312011110869E-20   1.3399795705246043E-02   6.5250017873342605E+00   1.3020899303262320E+01   1.7884552487242939E+01
    1680  3.5189001723351090E+01   1.0000000000000000E-02   1.5390305780366813E-84   5.0108706280959492E-01   5.0000000000000000E+01   1.3941567234125244E-46   3.0498103969491906E-03   6.0350004745763262E-02   7.7667312011110857E-20   1.3399795705246027E-02   6.5246041910499493E+00   1.3020899303216737E+01   1.7884552487242939E+01
    1690  3.9805608632431635E+01   1.0000000000000000E-02   1.9652917253324544E-96   5.0105364032198219E-01   5.0000000000000000E+01   1.3868761007844005E-46   3.0498103972214823E-03   6.0350004745763283E-02   7.7667312011110857E-20   1.3399795705246034E-02   6.5241690001808772E+00   1.3020899303170554E+01   1.7884552487242939E+01
    1700  4.5108957982128672E+01   1.0000000000000000E-02   1.0000000000000000E-99   5.0101631844980565E-01   5.0000000000000000E+01   1.3785597047486223E-46   3.0498103974998182E-03   6.0350004745763276E-02   7.7667312011110869E-20   1.3399795705246043E-02   6.5236830358175180E+00   1.3020899303123384E+01   1.7884552487242939E+01
    1710  5.0823478331150426E+01   1.0000000000000000E-02   1.0000000000000000E-99   5.0097733146652945E-01   5.0000000000000000E+01   1.3696545354529277E-46   3.0498103977634177E-03   6.0350004745763283E-02   7.7667312011110869E-20   1.3399795705246045E-02   6.5231753902114322E+00   1.3020899303078663E+01   1.7884552487242939E+01
    1720  6.5661651353754721E+01   1.0000000000000000E-02   1.0000000000000000E-99   5.0088190850312198E-01   5.0000000000000000E+01   1.3468118958321185E-46   3.0498103982990769E-03   6.0350004745763283E-02   7.7667312011110869E-20   1.3399795705246033E-02   6.5219328973674404E+00   1.3020899302987839E+01   1.7884552487242939E+01
    1730  8.1964176291948988E+01   1.0000000000000000E-02   1.0000000000000000E-99   5.0078552580060809E-01   5.0000000000000000E+01   1.3221549878214405E-46   3.0498103987101665E-03   6.0350004745763283E-02   7.7667312011110869E-20   1.3399795705246043E-02   6.5206779078677641E+00   1.3020899302918140E+01   1.7884552487242939E+01
    1740  1.1151069158063463E+02   1.0000000000000000E-02   1.0000000000000000E-99   5.0063108117936994E-01   5.0000000000000000E+01   1.2786537926806729E-46   3.0498103991497784E-03   6.0350004745763297E-02   7.7667312011110869E-20   1.3399795705246048E-02   6.5186668999681903E+00   1.3020899302843635E+01   1.7884552487242939E+01
    1750  1.5104069223217280E+02   1.0000000000000000E-02   1.0000000000000000E-99   5.0045725843847622E-01   5.0000000000000000E+01   1.2227022438718294E-46   3.0498103994227648E-03   6.0350004745763297E-02   7.7667312011110869E-20   1.3399795705246052E-02   6.5164035715378947E+00   1.3020899302797343E+01   1.7884552487242939E+01
    1760  1.9461014549508420E+02   1.0000000000000000E-02   1.0000000000000000E-99   5.0029999558736871E-01   5.0000000000000000E+01   1.1638787075435208E-46   3.0498103995422973E-03   6.0350004745763297E-02   7.7667312011110869E-20   1.3399795705246036E-02   6.5143558677781392E+00   1.3020899302777067E+01   1.7884552487242939E+01
    1770  2.3918946191083890E+02   1.0000000000000000E-02   1.0000000000000000E-99   5.0016792489486084E-01   5.0000000000000000E+01   1.1066226525183427E-46   3.0498103995884075E-03   6.0350004745763297E-02   7.7667312011110845E-20   1.3399795705246034E-02   6.5126361885851640E+00   1.3020899302769250E+01   1.7884552487242939E+01
    1780  2.8420156634960398E+02   1.0000000000000000E-02   1.0000000000000000E-99   5.0005755868566315E-01   5.0000000000000000E+01   1.0516694539346874E-46   3.0498103996057339E-03   6.0350004745763304E-02   7.7667312011110869E-20   1.3399795705246039E-02   6.5111991212864142E+00   1.3020899302766326E+01   1.7884552487242939E+01
    1790  3.3094482288041058E+02   1.0000000000000000E-02   1.0000000000000000E-99   4.9996202041848103E-01   5.0000000000000000E+01   9.9749435842361355E-47   3.0498103996123046E-03   6.0350004745763297E-02   7.7667312011110857E-20   1.3399795705246046E-02   6.5099551271285412E+00   1.3020899302765208E+01   1.7884552487242939E+01
    1800  3.7768807941121719E+02   1.0000000000000000E-02   1.0000000000000000E-99   4.9988164939961727E-01   5.0000000000000000E+01   9.4611000763052452E-47   3.0498103996146643E-03   6.0350004745763290E-02   7.7667312011110857E-20   1.3399795705246038E-02   6.5089086241842109E+00   1.3020899302764827E+01   1.7884552487242939E+01
    1810  4.2443133594202374E+02   1.0000000000000000E-02   1.0000000000000000E-99   4.9981318758083554E-01   5.0000000000000000E+01   8.9737264073677288E-47   3.0498103996155134E-03   6.0350004745763290E-02   7.7667312011110857E-20   1.3399795705246052E-02   6.5080171897351367E+00   1.3020899302764665E+01   1.7884552487242939E+01
    1820  4.7117459247283034E+02   1.0000000000000000E-02   1.0000000000000000E-99   4.9975413786859380E-01   5.0000000000000000E+01   8.5114590253585676E-47   3.0498103996158205E-03   6.0350004745763290E-02   7.7667312011110857E-20   1.3399795705246057E-02   6.5072483093776770E+00   1.3020899302764619E+01   1.7884552487242939E+01
    1830  5.1791784900363700E+02   1.0000000000000000E-02   1.0000000000000000E-99   4.9970257389054556E-01   5.0000000000000000E+01   8.0730046194497401E-47   3.0498103996159311E-03   6.0350004745763290E-02   7.7667312011110857E-20   1.3399795705246050E-02   6.5065769000114351E+00   1.3020899302764601E+01   1.7884552487242939E+01
    1840  5.6466110553444400E+02   1.0000000000000000E-02   1.0000000000000000E-99   4.9965700116318107E-01   5.0000000000000000E+01   7.6571365016835404E-47   3.0498103996159714E-03   6.0350004745763290E-02   7.7667312011110857E-20   1.3399795705246050E-02   6.5059835021170969E+00   1.3020899302764590E+01   1.7884552487242939E+01
    1850  6.3398268650070440E+02   1.0000000000000000E-02   1.0000000000000000E-99   4.9959818727130978E-01   5.0000000000000000E+01   7.0804420296248142E-47   3.0498103996159892E-03   6.0350004745763283E-02   7.7667312011110857E-20   1.3399795705246060E-02   6.5052176923529590E+00   1.3020899302764592E+01   1.7884552487242939E+01
    1860  7.2588259190241820E+02   1.0000000000000000E-02   1.0000000000000000E-99   4.9953190030367756E-01   5.0000000000000000E+01   6.3828868767276879E-47   3.0498103996159931E-03   6.0350004745763283E-02   7.7667312011110857E-20   1.3399795705246043E-02   6.5043545764217887E+00   1.3020899302764571E+01   1.7884552487242939E+01
    1870  8.1778249730413199E+02   1.0000000000000000E-02   1.0000000000000000E-99   4.9947493204117255E-01   5.0000000000000000E+01   5.7540538727158216E-47   3.0498103996159931E-03   6.0350004745763297E-02   7.7667312011110869E-20   1.3399795705246057E-02   6.5036127984118073E+00   1.3020899302764599E+01   1.7884552487242939E+01
    1880  9.0968240270584579E+02   1.0000000000000000E-02   1.0000000000000000E-99   4.9942453840991274E-01   5.0000000000000000E+01   5.1871726084999924E-47   3.0498103996159922E-03   6.0350004745763311E-02   7.7667312011110857E-20   1.3399795705246059E-02   6.5029566280132585E+00   1.3020899302764597E+01   1.7884552487242939E+01
    1890  1.0015823081075596E+03   1.0000000000000000E-02   1.0000000000000000E-99   4.9937894870183208E-01   5.0000000000000000E+01   4.6761396861362812E-47   3.0498103996159922E-03   6.0350004745763318E-02   7.7667312011110857E-20   1.3399795705246050E-02   6.5023630090147240E+00   1.3020899302764580E+01   1.7884552487242939E+01
    1900  1.0934822135092736E+03   1.0000000000000000E-02   1.0000000000000000E-99   4.9933700565477968E-01   5.0000000000000000E+01   4.2154530058296913E-47   3.0498103996159914E-03   6.0350004745763318E-02   7.7667312011110857E-20   1.3399795705246048E-02   6.5018168728222676E+00   1.3020899302764587E+01   1.7884552487242939E+01
    1910  1.1853821189109881E+03   1.0000000000000000E-02   1.0000000000000000E-99   4.9929794211882905E-01   5.0000000000000000E+01   3.8001525268893942E-47   3.0498103996159905E-03   6.0350004745763318E-02   7.7667312011110857E-20   1.3399795705246038E-02   6.5013082304539234E+00   1.3020899302764581E+01   1.7884552487242939E+01
    1920  1.2875541113957638E+03   1.0000000000000000E-02   1.0000000000000000E-99   4.9925728263025160E-01   5.0000000000000000E+01   3.3865409839464257E-47   3.0498103996159901E-03   6.0350004745763311E-02   7.7667312011110857E-20   1.3399795705246050E-02   6.5007788073471309E+00   1.3020899302764585E+01   1.7884552487242939E+01
    1930  1.4051342345051330E+03   1.0000000000000000E-02   1.0000000000000000E-99   4.9921350362976979E-01   5.0000000000000000E+01   2.9662615375524119E-47   3.0498103996159888E-03   6.0350004745763297E-02   7.7667312011110857E-20   1.3399795705246045E-02   6.5002087653899183E+00   1.3020899302764569E+01   1.7884552487242939E+01
    1940  1.5227143576145022E+03   1.0000000000000000E-02   1.0000000000000000E-99   4.9917246839539769E-01   5.0000000000000000E+01   2.5981399755302629E-47   3.0498103996159883E-03   6.0350004745763283E-02   7.7667312011110857E-20   1.3399795705246039E-02   6.4996744497349681E+00   1.3020899302764585E+01   1.7884552487242939E+01
    1950  1.6402944807238714E+03   1.0000000000000000E-02   1.0000000000000000E-99   4.9913384867713351E-01   5.0000000000000000E+01   2.2757033548762466E-47   3.0498103996159879E-03   6.0350004745763276E-02   7.7667312011110857E-20   1.3399795705246041E-02   6.4991715862720350E+00   1.3020899302764581E+01   1.7884552487242939E+01
    1960  1.7578746038332406E+03   1.0000000000000000E-02   1.0000000000000000E-99   4.9909740849073791E-01   5.0000000000000000E+01   1.9932820433733713E-47   3.0498103996159875E-03   6.0350004745763283E-02   7.7667312011110857E-20   1.3399795705246039E-02   6.4986971022741074E+00   1.3020899302764581E+01   1.7884552487242939E+01
    1970  1.9286901907503852E+03   1.0000000000000000E-02   1.0000000000000000E-99   4.9904806253354866E-01   5.0000000000000000E+01   1.6453812608725940E-47   3.0498103996159879E-03   6.0350004745763276E-02   7.7667312011110857E-20   1.3399795705246039E-02   6.4980545735341577E+00   1.3020899302764594E+01   1.7884552487242939E+01
    1980  2.1349960868727121E+03   1.0000000000000000E-02   1.0000000000000000E-99   4.9899350070626536E-01   5.0000000000000000E+01   1.3055518700033656E-47   3.0498103996159892E-03   6.0350004745763262E-02   7.7667312011110857E-20   1.3399795705246038E-02   6.4973441294748771E+00   1.3020899302764581E+01   1.7884552487242939E+01
    1990  2.3413019829950381E+03   1.0000000000000000E-02   1.0000000000000000E-99   4.9894385467450414E-01   5.0000000000000000E+01   1.0359092605475260E-47   3.0498103996159896E-03   6.0350004745763255E-02   7.7667312011110857E-20   1.3399795705246033E-02   6.4966976934941281E+00   1.3020899302764567E+01   1.7884552487242939E+01
    2000  2.5476078791173641E+03   1.0000000000000000E-02   1.0000000000000000E-99   4.9889862736016355E-01   5.0000000000000000E+01   8.2195738119953473E-48   3.0498103996159905E-03   6.0350004745763255E-02   7.7667312011110845E-20   1.3399795705246043E-02   6.4961087931880064E+00   1.3020899302764583E+01   1.7884552487242939E+01
    2010  2.7539137752396900E+03   1.0000000000000000E-02   1.0000000000000000E-99   4.9885738576290706E-01   5.0000000000000000E+01   6.5219412765101076E-48   3.0498103996159909E-03   6.0350004745763255E-02   7.7667312011110845E-20   1.3399795705246041E-02   6.4955717905027068E+00   1.3020899302764580E+01   1.7884552487242939E+01
    2020  2.9602196713620160E+03   1.0000000000000000E-02   1.0000000000000000E-99   4.9881974501119547E-01   5.0000000000000000E+01   5.1749298670657642E-48   3.0498103996159922E-03   6.0350004745763255E-02   7.7667312011110845E-20   1.3399795705246043E-02   6.4950816740646857E+00   1.3020899302764589E+01   1.7884552487242939E+01
    2030  3.1665255674843420E+03   1.0000000000000000E-02   1.0000000000000000E-99   4.9878535984861810E-01   5.0000000000000000E+01   4.1061239274725893E-48   3.0498103996159922E-03   6.0350004745763249E-02   7.7667312011110833E-20   1.3399795705246033E-02   6.4946339483249789E+00   1.3020899302764589E+01   1.7884552487242939E+01
    2040  3.3728314636066680E+03   1.0000000000000000E-02   1.0000000000000000E-99   4.9875391925605600E-01   5.0000000000000000E+01   3.2580641942733885E-48   3.0498103996159922E-03   6.0350004745763249E-02   7.7667312011110821E-20   1.3399795705246043E-02   6.4942245635349511E+00   1.3020899302764587E+01   1.7884552487242939E+01
    2050  3.7361020619170436E+03   1.0000000000000000E-02   1.0000000000000000E-99   4.9870512953834367E-01   5.0000000000000000E+01   2.1808876748531558E-48   3.0498103996159922E-03   6.0350004745763249E-02   7.7667312011110821E-20   1.3399795705246039E-02   6.4935892775332169E+00   1.3020899302764589E+01   1.7884552487242939E+01
    2060  4.3968549999587585E+03   1.0000000000000000E-02   1.0000000000000000E-99   4.9863341491229035E-01   5.0000000000000000E+01   1.0585579380096390E-48   3.0498103996159918E-03   6.0350004745763249E-02   7.7667312011110821E-20   1.3399795705246029E-02   6.4926554886082526E+00   1.3020899302764578E+01   1.7884552487242939E+01
    2070  5.0576079380004730E+03   1.0000000000000000E-02   1.0000000000000000E-99   4.9857818572709400E-01   5.0000000000000000E+01   5.1380221046857324E-49   3.0498103996159918E-03   6.0350004745763249E-02   7.7667312011110833E-20   1.3399795705246031E-02   6.4919363549487947E+00   1.3020899302764576E+01   1.7884552487242939E+01
    2080  5.7183608760421876E+03   1.0000000000000000E-02   1.0000000000000000E-99   4.9853498009976732E-01   5.0000000000000000E+01   2.4938900555482695E-49   3.0498103996159918E-03   6.0350004745763249E-02   7.7667312011110833E-20   1.3399795705246031E-02   6.4913737788257144E+00   1.3020899302764587E+01   1.7884552487242939E+01
    2090  6.3791138140839021E+03   1.0000000000000000E-02   1.0000000000000000E-99   4.9850054840202479E-01   5.0000000000000000E+01   1.2104828438730446E-49   3.0498103996159918E-03   6.0350004745763249E-02   7.7667312011110833E-20   1.3399795705246039E-02   6.4909254471563109E+00   1.3020899302764604E+01   1.7884552487242939E+01
    2100  7.0475129898116966E+03   1.0000000000000000E-02   1.0000000000000000E-99   4.9847223156693166E-01   5.0000000000000000E+01   5.8284027004046317E-50   3.0498103996159922E-03   6.0350004745763249E-02   7.7667312011110845E-20   1.3399795705246039E-02   6.4905567364977612E+00   1.3020899302764597E+01   1.7884552487242939E+01
    2110  7.7847283047142100E+03   1.0000000000000000E-02   1.0000000000000000E-99   4.9844649565643284E-01   5.0000000000000000E+01   2.6105177843750785E-50   3.0498103996159927E-03   6.0350004745763235E-02   7.7667312011110833E-20   1.3399795705246048E-02   6.4902216317984740E+00   1.3020899302764583E+01   1.7884552487242939E+01
    2120  9.0421835889616705E+03   1.0000000000000000E-02   1.0000000000000000E-99   4.9841153316656800E-01   5.0000000000000000E+01   6.9428756411492033E-51   3.0498103996159927E-03   6.0350004745763235E-02   7.7667312011110833E-20   1.3399795705246043E-02   6.4897663887382890E+00   1.3020899302764590E+01   1.7884552487242939E+01
    2130  1.0672435779573570E+04   1.0000000000000000E-02   1.0000000000000000E-99   4.9837554214825752E-01   5.0000000000000000E+01   1.2722225329221428E-51   3.0498103996159922E-03   6.0350004745763221E-02   7.7667312011110797E-20   1.3399795705246050E-02   6.4892977533127807E+00   1.3020899302764608E+01   1.7884552487242939E+01
    2140  1.2511880402582992E+04   1.0000000000000000E-02   1.0000000000000000E-99   4.9834112384329721E-01   5.0000000000000000E+01   1.9155969323463115E-52   3.0498103996159922E-03   6.0350004745763228E-02   7.7667312011110797E-20   1.3399795705246050E-02   6.4888495960294357E+00   1.3020899302764599E+01   1.7884552487242939E+01
    2150  1.4560517457989936E+04   1.0000000000000000E-02   1.0000000000000000E-99   4.9830620014546539E-01   5.0000000000000000E+01   2.3700774330974012E-53   3.0498103996159922E-03   6.0350004745763235E-02   7.7667312011110797E-20   1.3399795705246045E-02   6.4883948580764050E+00   1.3020899302764599E+01   1.7884552487242939E+01
    2160  1.6609154513396879E+04   1.0000000000000000E-02   1.0000000000000000E-99   4.9827281952346231E-01   5.0000000000000000E+01   2.9323846494143584E-54   3.0498103996159922E-03   6.0350004745763235E-02   7.7667312011110797E-20   1.3399795705246053E-02   6.4879602123583728E+00   1.3020899302764606E+01   1.7884552487242939E+01
    2170  1.8657791568803823E+04   1.0000000000000000E-02   1.0000000000000000E-99   4.9824013502834813E-01   5.0000000000000000E+01   3.6281007582453936E-55   3.0498103996159922E-03   6.0350004745763228E-02   7.7667312011110797E-20   1.3399795705246041E-02   6.4875346308384572E+00   1.3020899302764590E+01   1.7884552487242939E+01
    2180  2.0706428624210766E+04   1.0000000000000000E-02   1.0000000000000000E-99   4.9820780896085992E-01   5.0000000000000000E+01   4.4888773765098239E-56   3.0498103996159922E-03   6.0350004745763228E-02   7.7667312011110797E-20   1.3399795705246043E-02   6.4871137163685804E+00   1.3020899302764603E+01   1.7884552487242939E+01
    2190  2.2755065679617710E+04   1.0000000000000000E-02   1.0000000000000000E-99   4.9817570404281275E-01   5.0000000000000000E+01   5.5538755519806927E-57   3.0498103996159922E-03   6.0350004745763228E-02   7.7667312011110797E-20   1.3399795705246050E-02   6.4866956814632974E+00   1.3020899302764592E+01   1.7884552487242939E+01
    2200  2.4803702735024654E+04   1.0000000000000000E-02   1.0000000000000000E-99   4.9814376262371646E-01   5.0000000000000000E+01   6.8715473958595435E-58   3.0498103996159922E-03   6.0350004745763228E-02   7.7667312011110797E-20   1.3399795705246052E-02   6.4862797754614059E+00   1.3020899302764599E+01   1.7884552487242939E+01
    2210  2.6852339790431597E+04   1.0000000000000000E-02   1.0000000000000000E-99   4.9811195913288403E-01   5.0000000000000000E+01   8.5018404124493759E-59   3.0498103996159922E-03   6.0350004745763249E-02   7.7667312011110797E-20   1.3399795705246045E-02   6.4858656654095439E+00   1.3020899302764610E+01   1.7884552487242939E+01
    2220  2.8900976845838541E+04   1.0000000000000000E-02   1.0000000000000000E-99   4.9808028119248327E-01   5.0000000000000000E+01   1.0518924811944176E-59   3.0498103996159922E-03   6.0350004745763249E-02   7.7667312011110797E-20   1.3399795705246050E-02   6.4854531901372061E+00   1.3020899302764597E+01   1.7884552487242939E+01
    2230  3.0949613901245484E+04   1.0000000000000000E-02   1.0000000000000000E-99   4.9804872201829303E-01   5.0000000000000000E+01   1.3014567885479430E-60   3.0498103996159922E-03   6.0350004745763242E-02   7.7667312011110797E-20   1.3399795705246050E-02   6.4850422613077416E+00   1.3020899302764601E+01   1.7884552487242939E+01
    2233  3.1536000000000000E+04   1.0000000000000000E-02   1.0000000000000000E-99   4.9803970991878427E-01   5.0000000000000000E+01   7.1382517507281477E-61   3.0498103996159922E-03   6.0350004745763242E-02   7.7667312011110797E-20   1.3399795705246043E-02   6.4849249156674578E+00   1.3020899302764603E+01   1.7884552487242939E+01
