# 1:A 2:Z 3:N 4:Yi 5:Xi
    1      0      1     3.67051678167451E-13   3.67051678167451E-13
    1      1      0     1.25936844757887E-06   1.25936844757887E-06
    2      1      1     8.76368187276411E-11   1.75273637455282E-10
    3      1      2     2.50308350531219E-07   7.50925051593657E-07
    3      2      1     2.14834220034306E-08   6.44502660102917E-08
    4      2      2     5.89638930906622E-02   2.35855572362649E-01
    6      3      3     2.68929335611477E-11   1.61357601366886E-10
    7      3      4     2.99468897067508E-07   2.09628227947255E-06
    7      4      3     1.04947855473287E-15   7.34634988313012E-15
    9      4      5     1.90301726766769E-08   1.71271554090092E-07
   10      4      6     2.61083958661083E-12   2.61083958661083E-11
   10      5      5     1.00853539186253E-14   1.00853539186253E-13
   11      5      6     1.27145515801315E-08   1.39860067381447E-07
   11      6      5     1.13152998380535E-19   1.24468298218588E-18
   12      6      6     2.63731928529562E-07   3.16478314235475E-06
   13      6      7     2.98016584949532E-09   3.87421560434391E-08
   13      7      6     1.14480198324065E-20   1.48824257821284E-19
   14      6      8     1.00238349152641E-06   1.40333688813698E-05
   14      7      7     4.04785910545928E-08   5.66700274764300E-07
   15      7      8     4.01954185044913E-07   6.02931277567369E-06
   16      8      8     3.19431799128269E-08   5.11090878605230E-07
   17      8      9     7.79680052112569E-10   1.32545608859137E-08
   18      8     10     1.12063910428009E-06   2.01715038770416E-05
   18      9      9     3.03543725123789E-16   5.46378705222820E-15
   19      9     10     1.50901050760639E-06   2.86711996445213E-05
   20     10     10     3.87765815354933E-08   7.75531630709865E-07
   21     10     11     3.69545134927608E-08   7.76044783347978E-07
   22     10     12     1.03446814057799E-07   2.27582990927158E-06
   22     11     11     1.17891737395025E-14   2.59361822269055E-13
   23     11     12     1.31294839844899E-07   3.01978131643267E-06
   24     11     13     2.22208525028865E-08   5.33300460069276E-07
   24     12     12     1.09871963877544E-08   2.63692713306106E-07
   25     12     13     9.19897117228914E-08   2.29974279307229E-06
   26     12     14     2.41602665440865E-07   6.28166930146250E-06
   26     13     13     3.84134869648219E-15   9.98750661085369E-14
   27     12     15     4.96007637520275E-18   1.33922062130474E-16
   27     13     14     1.33989285982440E-07   3.61771072152587E-06
   28     12     16     3.20904415811960E-07   8.98532364273487E-06
   28     13     15     5.72109154607222E-10   1.60190563290022E-08
   28     14     14     1.07587910779608E-07   3.01246150182904E-06
   29     13     16     2.41649028078862E-19   7.00782181428701E-18
   29     14     15     2.45709749517833E-07   7.12558273601717E-06
   30     14     16     3.33518738547413E-07   1.00055621564224E-05
   30     15     15     8.99707257413493E-20   2.69912177224048E-18
   31     14     17     3.58900743196267E-08   1.11259230390843E-06
   31     15     16     3.27671694012114E-07   1.01578225143755E-05
   32     14     18     6.09661329465484E-07   1.95091625428955E-05
   32     15     17     9.43920814582604E-12   3.02054660666433E-10
   32     16     16     1.94506236505289E-13   6.22419956816924E-12
   33     15     18     2.77453321275604E-06   9.15595960209494E-05
   33     16     17     2.78250281373584E-08   9.18225928532827E-07
   34     15     19     1.12773635821951E-20   3.83430361794632E-19
   34     16     18     3.83675026772127E-06   1.30449509102523E-04
   35     15     20     1.36616993706812E-20   4.78159477973841E-19
   35     16     19     1.51909938251549E-06   5.31684783880422E-05
   35     17     18     4.39472413000524E-09   1.53815344550183E-07
   36     16     20     1.06394786483884E-06   3.83021231341981E-05
   36     17     19     1.91169015977374E-13   6.88208457518547E-12
   36     18     18     1.67630959458026E-17   6.03471454048893E-16
   37     16     21     1.53204273484178E-18   5.66855811891459E-17
   37     17     20     3.84127736104753E-06   1.42127262358759E-04
   37     18     19     1.29630002486336E-15   4.79631009199442E-14
   38     16     22     1.34390330293693E-07   5.10683255116034E-06
   38     17     21     3.75843881219521E-08   1.42820674863418E-06
   38     18     20     9.73681187833319E-07   3.69998851376661E-05
   38     19     19     4.46926689554115E-20   1.69832142030564E-18
   39     17     22     1.62814833536203E-10   6.34977850791193E-09
   39     18     21     1.06292525841981E-07   4.14540850783725E-06
   39     19     20     2.33814227235121E-13   9.11875486216971E-12
   40     17     23     9.87637536883877E-20   3.95055014753551E-18
   40     18     22     3.25951647312254E-06   1.30380658924902E-04
   40     19     21     1.95568656588929E-14   7.82274626355717E-13
   40     20     20     9.00631986580597E-19   3.60252794632239E-17
   41     18     23     3.52438969798743E-07   1.44499977617485E-05
   41     19     22     9.35642092930769E-06   3.83613258101615E-04
   41     20     21     9.42430518716284E-17   3.86396512673677E-15
   42     18     24     2.94069962821105E-05   1.23509384384864E-03
   42     19     23     4.88559500388514E-10   2.05194990163176E-08
   42     20     22     1.30263103295160E-10   5.47105033839673E-09
   43     18     25     6.72576235835054E-20   2.89207781409073E-18
   43     19     24     2.14535322427341E-06   9.22501886437565E-05
   43     20     23     6.59725219857972E-07   2.83681844538928E-05
   43     21     22     2.95714087153919E-19   1.27157057476185E-17
   44     18     26     5.95481762720181E-19   2.62011975596880E-17
   44     19     25     1.98300749268557E-12   8.72523296781650E-11
   44     20     24     1.26500755535233E-05   5.56603324355026E-04
   44     21     23     5.56041677654945E-18   2.44658338168176E-16
   45     19     26     3.53110965955113E-14   1.58899934679801E-12
   45     20     25     2.57282804017663E-05   1.15777261807948E-03
   45     21     24     3.81918002696987E-08   1.71863101213644E-06
   45     22     23     8.67251484546874E-20   3.90263168046093E-18
   46     19     27     4.55452632227364E-20   2.09508210824587E-18
   46     20     26     8.24885858989843E-06   3.79447495135328E-04
   46     21     25     5.76103137966228E-15   2.65007443464465E-13
   46     22     24     8.95604217883303E-17   4.11977940226319E-15
   47     20     27     1.02620332534111E-05   4.82315562910320E-04
   47     21     26     5.66153671093314E-07   2.66092225413858E-05
   47     22     25     2.18693077385256E-08   1.02785746371070E-06
   48     20     28     1.72548277434436E-05   8.28231731685291E-04
   48     21     27     3.89466652473307E-10   1.86943993187187E-08
   48     22     26     2.82868287789266E-11   1.35776778138848E-09
   48     23     25     7.21861915734902E-16   3.46493719552753E-14
   48     24     24     7.89778569292171E-19   3.79093713260242E-17
   49     21     28     7.77729473104394E-09   3.81087441821153E-07
   49     22     27     3.85223932143986E-06   1.88759726750553E-04
   49     23     26     4.13945157658703E-14   2.02833127252765E-12
   49     24     25     4.31618435463586E-19   2.11493033377157E-17
   50     22     28     8.71708257239214E-06   4.35854128619607E-04
   50     23     27     6.07743036943501E-13   3.03871518471750E-11
   50     24     26     2.12059588296624E-14   1.06029794148312E-12
   51     22     29     9.38033259385963E-20   4.78396962286841E-18
   51     23     28     8.25137537241386E-06   4.20820143993107E-04
   51     24     27     3.76399335485850E-13   1.91963661097783E-11
   52     23     29     5.33469503231730E-19   2.77404141680500E-17
   52     24     28     1.81594338611049E-05   9.44290560777457E-04
   52     25     27     4.31800815873060E-16   2.24536424253991E-14
   52     26     26     1.91375259748154E-20   9.95151350690402E-19
   53     23     30     1.70657555548869E-20   9.04485044409008E-19
   53     24     29     4.22386703804636E-06   2.23864953016457E-04
   53     25     28     3.38818438144110E-14   1.79573772216379E-12
   53     26     27     2.24276758733808E-20   1.18866682128918E-18
   54     24     30     2.70209254801891E-06   1.45912997593021E-04
   54     25     29     3.17402782583104E-13   1.71397502594876E-11
   54     26     28     1.98492183049557E-15   1.07185778846761E-13
   55     24     31     9.04335199758037E-20   4.97384359866920E-18
   55     25     30     2.41962483515126E-06   1.33079365933319E-04
   55     26     29     1.44295192829560E-13   7.93623560562578E-12
   56     25     31     5.01926256274441E-07   2.81078703513687E-05
   56     26     30     4.58566902061203E-06   2.56797465154274E-04
   56     27     29     1.93441807488903E-19   1.08327412193785E-17
   57     25     32     9.97196859236542E-20   5.68402209764829E-18
   57     26     31     6.70202371060080E-06   3.82015351504246E-04
   57     27     30     7.15781424262710E-17   4.07995411829744E-15
   57     28     29     1.48344628343035E-19   8.45564381555298E-18
   58     26     32     2.76498563229090E-06   1.60369166672872E-04
   58     27     31     6.86683162002687E-15   3.98276233961559E-13
   58     28     30     4.55416714042869E-17   2.64141694144864E-15
   59     26     33     5.43467046717718E-06   3.20645557563454E-04
   59     27     32     3.10150574572845E-08   1.82988838997978E-06
   59     28     31     4.33435843005599E-15   2.55727147373303E-13
   60     26     34     7.70474302829904E-07   4.62284581697942E-05
   60     27     33     2.88526054647900E-12   1.73115632788740E-10
   60     28     32     3.91688924282977E-13   2.35013354569786E-11
   61     26     35     1.36512409746305E-20   8.32725699452459E-19
   61     27     34     1.41070116235383E-07   8.60527709035836E-06
   61     28     33     5.11417400742510E-06   3.11964614452931E-04
   61     29     32     1.79559305117108E-19   1.09531176121436E-17
   62     27     35     1.10036183162588E-19   6.82224335608043E-18
   62     28     34     1.58807704506024E-05   9.84607767937349E-04
   62     29     33     1.09044254088012E-19   6.76074375345674E-18
   63     28     35     1.28163513091680E-05   8.07430132477581E-04
   63     29     34     8.76899437949626E-11   5.52446645908265E-09
   64     28     36     2.64422950502641E-06   1.69230688321690E-04
   64     29     35     2.55871214448609E-14   1.63757577247110E-12
   64     30     34     5.90472790257564E-15   3.77902585764841E-13
   65     28     37     2.32586343202202E-07   1.51181123081431E-05
   65     29     36     2.36340716917962E-06   1.53621465996675E-04
   65     30     35     4.63422193280987E-15   3.01224425632642E-13
   66     28     38     5.77949046468199E-07   3.81446370669011E-05
   66     29     37     9.02041515716583E-10   5.95347400372945E-08
   66     30     36     6.69194798603396E-08   4.41668567078242E-06
   66     31     35     1.01338497255994E-16   6.68834081889562E-15
   67     29     38     2.13064159550588E-06   1.42752986898894E-04
   67     30     37     2.19206767746926E-07   1.46868534390440E-05
   67     31     36     8.56682272498372E-15   5.73977122573909E-13
   68     29     39     1.54347858717516E-20   1.04956543927911E-18
   68     30     38     3.82664917110655E-06   2.60212143635245E-04
   68     31     37     1.11417031988000E-15   7.57635817518398E-14
   69     29     40     1.20767951859295E-20   8.33298867829136E-19
   69     30     39     1.45428338394253E-08   1.00345553492034E-06
   69     31     38     8.84186460528325E-06   6.10088657764544E-04
   69     32     37     1.38917819633591E-18   9.58532955471779E-17
   70     30     40     7.18362034274390E-06   5.02853423992073E-04
   70     31     39     1.80176146836876E-16   1.26123302785813E-14
   70     32     38     1.28966256272251E-12   9.02763793905759E-11
   71     30     41     9.50547153497904E-18   6.74888478983512E-16
   71     31     40     8.19263401895357E-06   5.81677015345704E-04
   71     32     39     6.48727598978759E-15   4.60596595274919E-13
   71     33     38     9.12062144574401E-18   6.47564122647825E-16
   72     30     42     3.25634884475803E-06   2.34457116822578E-04
   72     31     41     3.68251273359223E-07   2.65140916818641E-05
   72     32     40     8.69936544067470E-08   6.26354311728579E-06
   72     33     39     4.65731633531484E-16   3.35326776142668E-14
   73     31     42     1.34356613181742E-06   9.80803276226715E-05
   73     32     41     3.33381321083731E-06   2.43368364391124E-04
   73     33     40     2.37592200781152E-14   1.73442306570241E-12
   73     34     39     1.02344920804621E-20   7.47117921873736E-19
   74     31     43     1.80098320936662E-19   1.33272757493130E-17
   74     32     42     9.44809682224140E-06   6.99159164845864E-04
   74     33     41     1.10181496910287E-13   8.15343077136122E-12
   74     34     40     4.65940876181024E-16   3.44796248373958E-14
   75     31     44     2.65565571512279E-20   1.99174178634209E-18
   75     32     43     2.96053529618221E-07   2.22040147213666E-05
   75     33     42     2.31077943841162E-05   1.73308457880871E-03
   75     34     41     1.59395718692232E-16   1.19546789019174E-14
   76     32     44     1.27868787404826E-05   9.71802784276675E-04
   76     33     43     2.50185634426243E-12   1.90141082163944E-10
   76     34     42     6.53156443934015E-13   4.96398897389852E-11
   77     32     45     1.30154727455252E-05   1.00219140140544E-03
   77     33     44     8.50083187337895E-06   6.54564054250179E-04
   77     34     43     7.44503027428922E-07   5.73267331120270E-05
   77     35     42     1.13768038139263E-17   8.76013893672324E-16
   78     32     46     1.86558986962018E-07   1.45516009830374E-05
   78     33     45     8.21087072054618E-07   6.40447916202602E-05
   78     34     44     1.06937979224795E-05   8.34116237953405E-04
   78     35     43     1.53916990406446E-19   1.20055252517028E-17
   78     36     42     5.09579067988041E-20   3.97471673030672E-18
   79     33     46     3.75511181204029E-20   2.96653833151183E-18
   79     34     45     3.82785719963669E-06   3.02400718771299E-04
   79     35     44     2.72023814028309E-14   2.14898813082364E-12
   79     36     43     8.36289079299000E-19   6.60668372646210E-17
   80     34     46     9.71650274196167E-06   7.77320219356934E-04
   80     35     45     6.38029692104675E-17   5.10423753683740E-15
   80     36     44     6.74961317387371E-14   5.39969053909897E-12
   81     34     47     9.78658487631131E-15   7.92713374981216E-13
   81     35     46     3.30547814902559E-06   2.67743730071073E-04
   81     36     45     2.40942272692657E-15   1.95163240881052E-13
   82     34     48     3.55187373396944E-06   2.91253646185494E-04
   82     35     47     3.52629287721956E-12   2.89156015932004E-10
   82     36     46     7.13891861546365E-13   5.85391326468019E-11
   83     34     49     3.41768409269607E-13   2.83667779693774E-11
   83     35     48     3.87661489647285E-07   3.21759036407246E-05
   83     36     47     3.71673008512234E-06   3.08488597065154E-04
   83     37     46     6.60571651297310E-18   5.48274470576767E-16
   84     35     49     1.30515933525608E-10   1.09633384161511E-08
   84     36     48     1.09092971722598E-05   9.16380962469823E-04
   84     37     47     3.00313347909611E-16   2.52263212244073E-14
   84     38     46     1.19188673627507E-18   1.00118485847106E-16
   85     36     49     3.50835144716929E-06   2.98209873009389E-04
   85     37     48     2.24080645115794E-10   1.90468548348425E-08
   85     38     47     6.72449947491929E-17   5.71582455368140E-15
   86     36     50     6.95077642693849E-06   5.97766772716710E-04
   86     37     49     1.06079560703202E-13   9.12284222047539E-12
   86     38     48     4.62714395628321E-15   3.97934380240356E-13
   86     39     47     1.66708861985216E-20   1.43369621307286E-18
   87     36     51     3.90564503043867E-08   3.39791117648164E-06
   87     37     50     4.52193872416580E-06   3.93408669002424E-04
   87     38     49     3.36159813107737E-14   2.92459037403732E-12
   87     39     48     2.54546574207521E-18   2.21455519560544E-16
   88     36     52     9.40852534903003E-07   8.27950230714642E-05
   88     37     51     1.10264091645657E-07   9.70324006481777E-06
   88     38     50     6.95555601985961E-06   6.12088929747646E-04
   88     39     49     1.67191762948608E-16   1.47128751394775E-14
   88     40     48     8.11977821039740E-19   7.14540482514972E-17
   89     37     52     7.71854861509145E-17   6.86950826743139E-15
   89     38     51     1.68285077774920E-06   1.49773719219679E-04
   89     39     50     8.01246001147882E-09   7.13108941021615E-07
   89     40     49     5.32936118440277E-17   4.74313145411847E-15
   90     38     52     3.75250922300966E-06   3.37725830070869E-04
   90     39     51     8.51758342788403E-11   7.66582508509563E-09
   90     40     50     4.06389116461888E-12   3.65750204815700E-10
   91     38     53     2.07656245048551E-06   1.88967182994182E-04
   91     39     52     1.81031081059494E-06   1.64738283764139E-04
   91     40     51     4.30724903008489E-09   3.91959661737725E-07
   91     41     50     3.21586029824597E-20   2.92643287140383E-18
   92     38     54     1.23480118422579E-06   1.13601708948772E-04
   92     39     53     3.77639015203991E-06   3.47427893987672E-04
   92     40     52     7.07341946648231E-06   6.50754590916373E-04
   92     41     51     6.64958368952765E-19   6.11761699436544E-17
   93     39     54     4.64498212133046E-06   4.31983337283733E-04
   93     40     53     3.69107188934017E-06   3.43269685708636E-04
   93     41     52     8.91199346454154E-16   8.28815392202363E-14
   93     42     51     8.65989018266427E-19   8.05369786987777E-17
   94     39     55     2.76593438636010E-14   2.59997832317850E-12
   94     40     54     7.70122507434960E-06   7.23915156988862E-04
   94     41     53     1.09653096567719E-14   1.03073910773656E-12
   94     42     52     9.94703450617951E-15   9.35021243580874E-13
   95     40     55     5.39021758706300E-06   5.12070670770985E-04
   95     41     54     2.06477315687724E-08   1.96153449903338E-06
   95     42     53     7.28899113648988E-11   6.92454157966539E-09
   95     43     52     8.92268879768666E-19   8.47655435780233E-17
   96     40     56     4.94373662632941E-06   4.74598716127623E-04
   96     41     55     4.21546669812842E-10   4.04684803020328E-08
   96     42     54     6.05518214050291E-11   5.81297485488279E-09
   96     43     53     2.73765487560346E-17   2.62814868057932E-15
   97     40     57     2.73523120561611E-06   2.65317426944763E-04
   97     41     56     2.09652412477720E-07   2.03362840103388E-05
   97     42     55     9.85186145346646E-07   9.55630560986247E-05
   97     43     54     1.41555221828290E-15   1.37308565173442E-13
   97     44     53     6.10569177341830E-17   5.92252102021575E-15
   98     42     56     9.82783756714029E-06   9.63128081579749E-04
   98     43     55     1.43915229587627E-14   1.41036924995875E-12
   98     44     54     3.92486427392759E-15   3.84636698844904E-13
   99     42     57     6.05369742413055E-06   5.99316044988925E-04
   99     43     56     5.81826632856457E-07   5.76008366527893E-05
   99     44     55     6.54356195950126E-14   6.47812633990625E-12
   99     45     54     1.43940323152859E-19   1.42500919921331E-17
  100     42     58     7.52785506960086E-06   7.52785506960086E-04
  100     43     57     3.38783143883737E-20   3.38783143883737E-18
  100     44     56     2.30703036377793E-12   2.30703036377793E-10
  100     45     55     3.82951597163077E-18   3.82951597163077E-16
  101     42     59     1.48119826434679E-16   1.49601024699026E-14
  101     43     58     2.26761934161470E-15   2.29029553503085E-13
  101     44     57     9.76626534276057E-06   9.86392799618817E-04
  101     45     56     4.04033754858069E-16   4.08074092406649E-14
  101     46     55     1.21348386379379E-18   1.22561870243173E-16
  102     42     60     1.66216234545685E-19   1.69540559236598E-17
  102     44     58     1.62954860087505E-05   1.66213957289255E-03
  102     45     57     4.92542238372686E-15   5.02393083140139E-13
  102     46     56     1.01763719263225E-16   1.03798993648489E-14
  103     43     60     4.14959886369121E-20   4.27408682960195E-18
  103     44     59     2.54424569069715E-05   2.62057306141807E-03
  103     45     58     1.63634423044359E-07   1.68543455735689E-05
  103     46     57     4.26127754039562E-15   4.38911586660749E-13
  104     43     61     2.02756459781891E-13   2.10866718173166E-11
  104     44     60     8.13674435376119E-05   8.46221412791163E-03
  104     45     59     8.22465612022974E-17   8.55364236503892E-15
  104     46     58     8.77077073635961E-13   9.12160156581399E-11
  105     44     61     3.26419721602284E-05   3.42740707682399E-03
  105     45     60     8.25719715847589E-05   8.67005701639969E-03
  105     46     59     8.79651276374483E-06   9.23633840193208E-04
  105     47     58     3.36481926624882E-16   3.53306022956126E-14
  106     44     62     1.97431677779799E-04   2.09277578446587E-02
  106     45     61     1.85127372331045E-10   1.96235014670907E-08
  106     46     60     1.34091807916990E-07   1.42137316392010E-05
  106     47     59     1.18080465676532E-16   1.25165293617124E-14
  107     44     63     1.38070196858172E-20   1.47735110638244E-18
  107     45     62     1.05826004154517E-11   1.13233824445333E-09
  107     46     61     1.72217890930396E-04   1.84273143295524E-02
  107     47     60     2.39069786501552E-13   2.55804671556660E-11
  107     48     59     2.80365363321768E-18   2.99990938754292E-16
  108     45     63     5.71003268856640E-20   6.16683530365171E-18
  108     46     62     3.67264428955052E-04   3.96645583271456E-02
  108     47     61     6.39011508610881E-16   6.90132429299751E-14
  108     48     60     6.79636276263085E-13   7.34007178364132E-11
  109     45     64     1.84388727289871E-20   2.00983712745960E-18
  109     46     63     3.40806527613287E-04   3.71479115098483E-02
  109     47     62     1.88908289187225E-04   2.05910035214076E-02
  109     48     61     3.93611186433611E-15   4.29036193212636E-13
  110     46     64     4.66369201811822E-04   5.13006121993004E-02
  110     47     63     1.46654816126515E-16   1.61320297739166E-14
  110     48     62     3.76194297435626E-11   4.13813727179189E-09
  111     46     65     3.98753759360797E-11   4.42616672890485E-09
  111     47     64     2.30929957552203E-04   2.56332252882945E-02
  111     48     63     7.44818262003977E-06   8.26748270824415E-04
  111     49     62     3.54682162101105E-18   3.93697199932227E-16
  112     46     66     7.31286408734319E-05   8.19040777782437E-03
  112     47     65     1.03551687681360E-05   1.15977890203123E-03
  112     48     64     1.41191077760206E-05   1.58134007091430E-03
  112     49     63     1.28680824652130E-18   1.44122523610386E-16
  112     50     62     3.49623015989085E-17   3.91577777907776E-15
  113     47     66     1.95127888825014E-05   2.20494514372266E-03
  113     48     65     4.07428269614797E-05   4.60393944664720E-03
  113     49     64     2.16493707179812E-15   2.44637889113187E-13
  113     50     63     5.93958129107898E-17   6.71172685891924E-15
  114     48     66     2.68453952282516E-05   3.06037505602068E-03
  114     49     65     5.36275821603337E-18   6.11354436627804E-16
  114     50     64     1.35045963599059E-14   1.53952398502928E-12
  115     47     68     3.63421499868849E-13   4.17934724849176E-11
  115     48     67     2.60071973076208E-05   2.99082769037639E-03
  115     49     66     2.94976456505165E-06   3.39222924980939E-04
  115     50     65     7.25765472311513E-14   8.34630293158240E-12
  116     48     68     4.12118617096861E-05   4.78057595832359E-03
  116     49     67     6.74892038432110E-19   7.82874764581248E-17
  116     50     66     2.50228849920561E-12   2.90265465907850E-10
  117     48     69     4.29561157883781E-06   5.02586554724024E-04
  117     49     68     1.74214918642732E-06   2.03831454811997E-04
  117     50     67     4.27993232145124E-05   5.00752081609795E-03
  117     51     66     4.52613705963413E-17   5.29558035977193E-15
  118     48     70     3.88871434586888E-08   4.58868292812528E-06
  118     49     69     6.44890836938513E-11   7.60971187587446E-09
  118     50     68     5.39564958288927E-05   6.36686650780934E-03
  118     51     67     7.04449615158437E-18   8.31250545886956E-16
  119     49     70     2.34093503719929E-19   2.78571269426716E-17
  119     50     69     1.05471592906188E-04   1.25511195558364E-02
  119     51     68     8.37241359451120E-14   9.96317217746833E-12
  120     50     70     1.85756728761354E-04   2.22908074513625E-02
  120     51     69     1.91059691084743E-15   2.29271629301692E-13
  121     49     72     2.38227490263240E-20   2.88255263218520E-18
  121     50     71     2.40484430914300E-04   2.90986161406303E-02
  121     51     70     6.04563520297558E-05   7.31521859560046E-03
  122     50     72     2.32829544318320E-04   2.84052044068351E-02
  122     51     71     1.01244185884681E-11   1.23517906779311E-09
  122     52     70     9.58012452506386E-13   1.16877519205779E-10
  123     50     73     3.90508962310103E-04   4.80326023641427E-02
  123     51     72     7.62616863016129E-07   9.38018741509839E-05
  123     52     71     6.22489308979497E-20   7.65661850044781E-18
  123     53     70     1.02995734464765E-18   1.26684753391661E-16
  124     50     74     3.94598178704918E-04   4.89301741594098E-02
  124     51     73     6.56928932288051E-13   8.14591876037183E-11
  124     52     72     3.30270666097124E-15   4.09535625960434E-13
  124     53     71     2.22823779766816E-17   2.76301486910852E-15
  125     50     75     1.00276447557244E-03   1.25345559446555E-01
  125     51     74     2.66544638943016E-05   3.33180798678770E-03
  125     52     73     3.35882643795274E-09   4.19853304744092E-07
  125     53     72     5.11853675527322E-16   6.39817094409152E-14
  126     50     76     6.06125784428879E-04   7.63718488380387E-02
  126     51     75     2.41739633086254E-11   3.04591937688679E-09
  126     52     74     5.20417857819410E-13   6.55726500852457E-11
  126     53     73     2.72198255284950E-15   3.42969801659038E-13
  126     54     72     1.09755309411181E-17   1.38291689858088E-15
  127     50     77     1.57919046287573E-05   2.00557188785218E-03
  127     51     76     2.56435588561952E-04   3.25673197473679E-02
  127     52     75     9.57770887498632E-06   1.21636902712326E-03
  127     53     74     2.67339920619144E-06   3.39521699186313E-04
  127     54     73     1.15840081333636E-20   1.47116903293718E-18
  128     50     78     1.18432744594229E-07   1.51593913080613E-05
  128     51     77     3.23975953437620E-05   4.14689220400154E-03
  128     52     76     2.43736450978258E-05   3.11982657252170E-03
  128     53     75     1.55940561151324E-15   1.99603918273695E-13
  128     54     74     4.18568940434925E-14   5.35768243756704E-12
  129     51     78     6.37884949248988E-06   8.22871584531194E-04
  129     52     77     2.24432717958471E-06   2.89518206166427E-04
  129     53     76     1.66009865436417E-05   2.14152726412977E-03
  129     54     75     3.68726284643919E-16   4.75656907190656E-14
  130     51     79     2.73243301693336E-10   3.55216292201337E-08
  130     52     78     2.50655074803948E-06   3.25851597245132E-04
  130     53     77     1.48326778297801E-14   1.92824811787141E-12
  130     54     76     8.86135808211520E-15   1.15197655067498E-12
  131     51     80     3.27456442280595E-14   4.28967939387580E-12
  131     52     79     1.03919469488666E-12   1.36134505030153E-10
  131     53     78     2.31402296066025E-07   3.03137007846493E-05
  131     54     77     6.40458358099512E-09   8.39000449110360E-07
  131     55     76     2.49526334105973E-20   3.26879497678824E-18
  132     52     80     1.79848246218966E-07   2.37399685009036E-05
  132     53     79     5.09304694599398E-09   6.72282196871206E-07
  132     54     78     9.52874784395932E-09   1.25779471540263E-06
  132     55     77     1.25929336458168E-19   1.66226724124781E-17
  133     53     80     1.25392532445307E-08   1.66772068152258E-06
  133     54     79     3.94737942548380E-09   5.25001463589346E-07
  133     55     78     9.65374562772681E-11   1.28394816848767E-08
  134     52     82     1.31473206600632E-12   1.76174096844847E-10
  134     53     81     3.14904457623694E-11   4.21971973215750E-09
  134     54     80     7.92287301680525E-09   1.06166498425190E-06
  134     55     79     3.82802287658657E-18   5.12955065462600E-16
  134     56     78     1.19174114668681E-20   1.59693313656033E-18
  135     53     82     1.44423631494929E-09   1.94971902518154E-07
  135     54     81     1.51802208636790E-09   2.04932981659667E-07
  135     55     80     6.67108600348385E-10   9.00596610470320E-08
  135     56     79     2.57020028611784E-19   3.46977038625909E-17
  136     54     82     3.69976850541249E-09   5.03168516736099E-07
  136     55     81     1.62956396271993E-16   2.21620698929911E-14
  136     56     80     6.04821748096177E-18   8.22557577410801E-16
  137     55     82     4.48737905567352E-10   6.14770930627272E-08
  137     56     81     1.02299302616459E-14   1.40150044584548E-12
  137     57     80     1.05355575836083E-19   1.44337138895434E-17
  138     55     83     1.53882492014645E-14   2.12357838980211E-12
  138     56     82     4.93942061848428E-10   6.81640045350831E-08
  138     57     81     6.81954054208686E-19   9.41096594807987E-17
  139     56     83     9.55935427667523E-13   1.32875024445786E-10
  139     57     82     6.68746648184536E-11   9.29557840976505E-09
  140     56     84     3.97439531869237E-11   5.56415344616932E-09
  140     57     83     7.37799174320429E-13   1.03291884404860E-10
  140     58     82     5.69951330054795E-14   7.97931862076713E-12
  141     57     84     5.60281018083081E-13   7.89996235497144E-11
  141     58     83     1.86101571642270E-12   2.62403216015600E-10
  141     59     82     8.52265951746735E-15   1.20169499196290E-12
  142     57     85     2.11908243432590E-14   3.00909705674278E-12
  142     58     84     9.96741467168844E-13   1.41537288337976E-10
  142     59     83     4.27443852303518E-20   6.06970270270996E-18
  142     60     82     1.75363474713288E-20   2.49016134092869E-18
  143     58     85     5.86444340284482E-13   8.38615406606810E-11
  143     59     84     1.12072282879414E-13   1.60263364517562E-11
  143     60     83     1.03987712954887E-15   1.48702429525488E-13
  144     58     86     3.83325779722766E-12   5.51989122800783E-10
  144     59     85     1.62058716223623E-16   2.33364551362017E-14
  144     60     84     3.23950002323827E-15   4.66488003346311E-13
  145     59     86     1.67955425931950E-12   2.43535367601327E-10
  145     60     85     2.91742696204586E-12   4.23026909496650E-10
  146     59     87     4.99660245211017E-18   7.29503958008085E-16
  146     60     86     7.71192807020421E-12   1.12594149824982E-09
  147     60     87     5.54209167727344E-12   8.14687476559195E-10
  147     61     86     1.23944371759150E-13   1.82198226485950E-11
  147     62     85     1.57952806014808E-17   2.32190624841768E-15
  148     60     88     7.43294913491849E-12   1.10007647196794E-09
  148     61     87     7.06886977337071E-20   1.04619272645886E-17
  149     60     89     1.03239375573671E-13   1.53826669604769E-11
  149     61     88     3.01932733519408E-12   4.49879772943919E-10
  149     62     87     2.65838591949180E-13   3.96099502004278E-11
  150     60     90     2.54884417472185E-12   3.82326626208278E-10
  150     61     89     4.40779015772631E-19   6.61168523658947E-17
  150     62     88     3.74606277357779E-18   5.61909416036668E-16
  151     61     90     1.46876074365102E-12   2.21782872291303E-10
  151     62     89     3.37353113924372E-13   5.09403202025802E-11
  151     63     88     1.29752144976083E-18   1.95925738913885E-16
  152     62     90     1.12091833156684E-12   1.70379586398160E-10
  153     62     91     4.01756438999021E-13   6.14687351668501E-11
  153     63     90     5.52140292338470E-14   8.44774647277860E-12
  154     62     92     9.65609252963456E-13   1.48703824956372E-10
  154     63     91     2.81187659338503E-20   4.33028995381295E-18
  155     62     93     3.72908402083946E-20   5.78008023230117E-18
  155     63     92     4.35361394500389E-13   6.74810161475602E-11
  155     64     91     5.94078785816104E-17   9.20822118014961E-15
  156     62     94     2.88573609562507E-13   4.50174830917511E-11
  156     63     93     2.59774995571248E-13   4.05248993091148E-11
  156     64     92     2.40573823800380E-15   3.75295165128592E-13
  157     63     94     2.56297832117551E-13   4.02387596424555E-11
  157     64     93     1.22729705504440E-13   1.92685637641971E-11
  158     63     95     1.24420557886234E-16   1.96584481460250E-14
  158     64     94     3.10748790659572E-13   4.90983089242124E-11
  159     64     95     1.16748519944177E-13   1.85630146711241E-11
  159     65     94     4.27417899570207E-14   6.79594460316629E-12
  160     64     96     7.15615249982998E-14   1.14498439997280E-11
  161     65     96     3.58651394866453E-14   5.77428745734989E-12
  161     66     95     1.32641129208228E-15   2.13552218025247E-13
  162     66     96     2.05296866005030E-14   3.32580922928148E-12
  163     66     97     8.32905417704109E-15   1.35763583085770E-12
  164     66     98     3.80676855125254E-15   6.24310042405417E-13
  165     66     99     8.07925120591648E-17   1.33307644897622E-14
  165     67     98     9.91229734744702E-16   1.63552906232876E-13
  166     66    100     5.16083155213917E-16   8.56698037655101E-14
  166     67     99     3.55477178702631E-17   5.90092116646368E-15
  166     68     98     4.22287958158716E-18   7.00998010543469E-16
  167     67    100     3.84305429629866E-17   6.41790067481877E-15
  167     68     99     2.41765055471268E-16   4.03747642637018E-14
  168     68    100     1.67255208956458E-16   2.80988751046850E-14
  169     68    101     2.59393516521838E-17   4.38375042921906E-15
  169     69    100     6.97756976254317E-19   1.17920928986980E-16
  170     68    102     3.62401831102575E-17   6.16083112874378E-15
  171     68    103     6.85350452773434E-18   1.17194927424257E-15
  171     69    102     8.46618789783839E-18   1.44771813053036E-15
  172     68    104     8.34148016395425E-18   1.43473458820013E-15
  172     69    103     1.04311730258173E-18   1.79416176044058E-16
  172     70    102     5.15688776183529E-20   8.86984695035669E-18
  173     69    104     2.04875579989591E-18   3.54434753381992E-16
  173     70    103     2.21518803748724E-18   3.83227530485292E-16
  174     70    104     3.91515174088067E-18   6.81236402913236E-16
  175     70    105     7.55786078899320E-19   1.32262563807381E-16
  175     71    104     4.48570795858898E-20   7.84998892753071E-18
  176     70    106     6.79665696848293E-19   1.19621162645300E-16
  177     70    107     1.48344255463006E-20   2.62569332169520E-18
  177     71    106     3.25550551473920E-19   5.76224476108838E-17
  178     72    106     2.35340951016669E-19   4.18906892809670E-17
  179     71    108     1.84158215245542E-20   3.29643205289520E-18
  179     72    107     4.87274239434054E-20   8.72220888586956E-18
  180     72    108     3.96161931372633E-20   7.13091476470739E-18
  181     72    109     1.31364030504213E-20   2.37768895212626E-18
